7.74948
2.29537
24.6892
72.3523
18.7797
5.92292
38.6226
31.8048
45.1828
62.143
43.609
30.8451
66.8415
33.4147
80.0098
61.0308
39.9211
91.5567
37.6444
42.3812
43.2953
47.8879
26.1737
99.915
87.8546
53.7205
66.7391
85.5488
35.7089
18.0941
10.7469
81.7804
59.6655
57.0456
47.655
62.3159
58.8507
30.3325
50.3255
13.8024
14.1296
75.652
47.4187
93.4304
42.2071
90.5097
59.9772
84.7496
85.8538
92.0766
2.60873
82.9498
99.3626
56.1182
93.9828
94.7167
46.0594
99.8048
92.106
81.783
34.2962
73.1876
53.1301
0.0752149
97.6882
4.21332
0.267681
1.85102
45.6449
71.8179
6.43959
78.963
0.422532
40.0847
69.5571
39.7743
41.8812
94.1031
31.4091
98.2717
70.5759
1.15673
32.9645
92.1811
18.7294
90.906
74.4939
51.5162
58.4373
87.6968
76.9943
57.5156
41.5257
54.458
52.872
87.4443
44.3242
73.3233
46.4021
25.6926
69.6008
45.4735
72.5698
28.8529
2.89364
68.7121
71.0418
24.7587
32.4341
1.16843
63.0168
25.8715
75.7086
90.2663
45.0126
15.8787
74.1505
37.6183
39.1507
23.4455
60.111
26.7632
61.3225
3.34084
8.3034
37.7661
29.6608
54.0321
75.0508
40.3281
72.7765
79.5574
37.4125
90.6841
39.4775
94.6392
73.8425
25.1377
22.3411
33.7922
34.3892
86.5234
31.9061
47.4191
70.4234
37.0884
59.1012
19.7343
81.415
33.0368
21.3386
24.5308
42.8572
1.6759
64.5179
0.126071
95.3512
25.6448
37.0977
74.5983
16.2297
22.6982
34.1559
79.9785
85.1133
13.9242
55.7826
90.7839
96.991
3.13522
55.4961
79.2936
72.4907
87.9815
2.64146
83.9259
20.0538
46.8393
5.49365
72.6565
33.5783
50.8087
94.7915
27.8176
38.0021
76.3546
99.77
66.1424
82.5739
41.9634
83.3887
71.2186
17.0058
32.3433
29.3054
14.6706
85.0013
1.01977
65.513
80.0649
62.7255
11.2313
78.2881
61.6952
78.4781
88.208
1.53284
25.7031
39.4584
45.8534
58.4462
32.0959
56.3901
90.038
35.7017
67.4741
7.18437
10.1452
83.3757
89.0632
21.3242
42.4079
91.6573
23.5798
54.3675
86.8331
11.5894
85.6245
51.872
81.0075
73.0127
82.5191
14.439
57.9722
37.6103
45.5451
59.8349
51.1002
67.18
89.918
44.6473
41.0699
54.8704
83.3111
16.7839
37.1808
7.54641
62.109
64.452
84.5118
94.6275
42.6515
97.0163
51.5703
88.5949
21.5444
82.8803
94.1619
70.3771
2.86306
23.0065
67.0483
70.8949
96.7899
94.5225
62.8789
73.8539
86.2015
96.0336
91.7582
51.438
3.39779
98.8314
90.9185
76.641
85.4427
42.8069
14.4191
35.4066
75.6241
67.7159
47.7434
45.6692
91.1569
23.6225
48.9742
93.0963
11.0853
67.1122
58.8358
14.5804
76.5785
16.0932
11.2961
52.3394
2.11362
92.0065
56.6845
16.5308
48.7038
92.8291
23.7592
86.3361
73.3244
68.2996
75.9798
92.7821
86.8019
31.5665
94.9943
72.061
50.6273
50.7174
5.75531
34.2535
88.2342
47.2174
39.6585
39.8038
5.11808
18.7865
50.2769
44.8412
21.494
79.0007
98.7862
44.3746
79.3487
6.68538
37.942
95.6791
67.0591
15.5587
73.4588
81.4051
76.8766
60.8851
30.3035
77.906
88.9935
9.95516
44.1761
78.955
77.067
36.3557
16.5639
50.8163
62.8707
55.1699
52.2552
47.2715
27.1053
18.8322
78.2155
40.6211
80.7981
56.8317
54.8665
5.9293
45.1183
13.36
66.4481
88.5735
24.017
56.7813
3.14037
81.8159
63.5992
58.8079
17.3856
41.7167
13.5524
83.5225
87.5577
91.0049
94.6353
60.5033
52.7635
92.1324
25.9722
22.4506
54.3781
22.0167
16.8229
1.95525
66.9403
83.3441
16.102
72.1305
30.8424
72.2768
72.6766
58.066
52.1893
21.3951
29.6008
51.4546
64.1632
88.8658
17.0892
47.7957
56.131
91.1872
50.227
87.1009
69.1781
61.7592
18.3451
50.954
51.1345
82.1502
29.9582
56.161
7.3826
79.8109
10.8596
20.3406
33.4477
21.4115
67.7002
30.6652
96.6647
47.4609
38.9465
74.8149
55.4409
11.7205
20.7017
82.1106
43.0777
14.2358
22.7227
70.3474
93.6902
37.3098
32.9562
31.511
27.1842
98.8961
75.6991
42.7039
16.5589
10.8957
86.4996
4.83381
44.8486
35.4265
20.6171
47.1691
30.5239
65.8341
94.8462
18.0176
35.6404
48.008
72.5527
37.1504
37.9247
41.6069
88.3373
22.496
27.5008
1.26816
81.3853
41.5243
44.7
95.6667
77.4013
96.5222
51.2022
87.849
34.0586
82.3822
45.2304
71.3035
97.6001
64.3042
88.4146
94.034
29.5805
52.8364
37.7851
88.2157
64.8243
29.5536
83.4197
78.8091
8.93642
98.8147
2.88497
85.6156
72.2681
37.782
38.5537
55.3012
98.3163
78.5531
12.4682
30.2507
6.59306
