24.0537
15.3284
62.7724
34.7437
66.3285
96.8799
31.5181
0.0903096
5.48473
37.5127
14.4505
14.9935
13.9718
23.5448
76.5164
66.4874
42.8653
55.6528
72.2619
13.5044
41.0748
66.2746
43.6028
11.3559
49.6378
77.4064
61.7503
44.4672
12.4698
8.63508
40.9372
59.4677
89.8152
21.5024
85.9506
74.0227
23.3394
70.93
99.2688
11.7307
52.6528
68.5949
43.7208
37.4643
3.72361
58.0828
49.66
83.9749
95.5227
80.7672
84.5713
46.3706
73.2817
69.5406
78.8942
81.6191
68.0387
60.822
1.57143
19.2229
7.45012
52.8885
56.52
77.8892
64.5019
57.782
38.6135
95.4339
88.052
92.7765
7.355
25.1419
61.8609
56.641
96.9784
76.1777
67.7476
53.7559
15.154
26.4402
47.3629
71.8049
6.79649
32.2191
46.9251
19.787
55.2026
14.6942
72.3138
43.5396
47.4378
15.758
20.9929
58.1985
20.0737
41.1015
15.8823
64.9174
82.5926
75.0461
50.8763
2.89074
80.2133
20.9466
5.48809
78.7535
63.0954
69.7603
76.5355
22.722
4.90701
31.706
25.2441
67.4553
83.4423
24.9197
20.1319
74.1619
1.97471
93.2574
75.8723
87.2027
66.7562
69.3815
85.1009
15.4003
41.0424
43.0499
34.2959
30.212
22.062
13.4792
99.1289
66.4189
14.1119
33.4744
21.5142
80.3614
34.5788
64.0581
79.8643
29.5668
20.7925
23.4606
7.30028
24.9675
71.2141
55.1787
16.4528
52.5454
39.3043
70.0037
34.5747
39.8842
96.8987
8.02604
74.2014
6.22734
91.1249
19.526
21.5235
73.7451
35.0122
66.8709
63.2289
24.6716
93.0694
92.3626
39.4566
55.9937
46.2126
30.066
0.654265
36.9174
24.4176
93.5155
29.0583
81.7781
4.80532
38.0697
8.26184
43.6426
4.96034
58.185
12.1217
44.8247
84.276
19.8214
19.8033
97.7276
34.4658
55.5494
79.2336
7.12169
97.3187
31.1072
76.3014
19.617
23.545
5.50754
86.894
8.95394
32.2021
16.7228
89.2567
98.8677
1.14241
32.98
89.6985
6.41412
86.375
71.8401
92.8465
82.4509
93.4934
37.8492
98.6632
31.2145
51.8737
5.48162
51.6658
29.4811
26.4757
7.08072
60.6436
21.1392
71.614
88.4203
56.8995
28.4957
45.434
65.4284
3.55677
24.6826
29.9087
76.0612
42.38
27.2559
47.5762
57.1364
62.7114
39.4978
72.0256
86.8349
18.1931
11.231
10.6381
17.1608
63.5196
95.8022
92.5648
44.2029
14.464
34.5884
41.4412
97.4356
45.8762
49.6556
62.5314
38.5863
25.5052
32.3055
60.963
28.9152
75.9325
76.1203
12.2567
50.7277
36.5131
40.0176
74.6832
1.56014
91.767
96.3245
37.3222
79.7557
76.5449
38.0562
0.723553
18.3985
27.2009
1.2038
24.9258
89.5408
73.0277
48.8702
58.2299
33.4012
60.1624
77.9322
14.9507
37.4333
5.55707
39.8534
70.9096
98.2439
45.0718
8.74517
51.946
88.745
55.9426
89.9081
6.28721
17.7903
85.9237
21.88
15.3927
84.193
35.3459
37.2764
40.0034
81.01
4.21722
58.9677
24.9405
88.4816
78.1445
38.2813
0.4714
2.45129
72.6877
35.9617
61.5297
78.2963
86.8827
87.267
74.6619
62.9459
49.1166
61.7202
44.9949
94.368
93.4467
49.5546
50.4702
41.4006
45.9254
1.40315
15.384
54.1774
69.4018
14.8382
41.0583
65.4852
65.3036
30.1683
82.7406
98.5429
32.0582
18.9555
29.4914
27.5125
26.883
96.6894
11.7498
36.0912
97.504
78.4749
21.619
21.8927
82.3116
47.5669
36.7199
79.347
6.69467
38.1835
74.2114
71.794
92.7908
48.2191
57.0574
75.1973
44.8695
27.4585
55.9491
80.512
19.1265
15.526
90.1505
50.2676
11.1393
91.3113
23.6865
88.8451
53.2177
41.4735
34.0003
97.3693
3.91446
51.4727
63.7173
76.6829
7.17443
33.6357
77.5548
98.6334
29.2535
60.4954
62.2694
92.3255
3.84089
4.10235
50.746
53.2311
9.91869
11.1363
66.7381
88.637
66.5476
43.6243
8.20567
68.8742
50.6547
65.9877
66.6814
64.8517
30.6694
94.6559
31.4508
77.248
64.1451
15.8801
40.4662
46.7423
97.677
24.8698
19.3881
41.1675
57.1938
77.2154
51.5251
47.4033
20.9119
34.5454
67.3307
42.0491
94.5642
55.9109
75.0021
74.961
90.3689
47.9806
91.7782
18.5265
29.5282
25.3551
95.5137
53.4521
2.61119
57.3611
16.7599
93.3879
77.7991
35.5363
30.9654
68.0477
95.8913
25.7328
15.5601
44.8341
33.3846
36.3425
13.7143
60.0004
81.1758
27.5698
3.35959
32.1358
64.3888
3.79381
51.2821
16.96
14.6936
75.6543
48.3573
8.69123
3.19779
51.9726
53.274
51.4721
62.9188
96.2261
21.8872
84.4075
39.4348
37.6667
16.8627
37.8241
64.9844
68.7515
52.8475
69.4807
42.691
68.1198
70.4027
84.7588
26.3049
39.4976
26.2886
82.1019
3.32319
99.1552
54.7892
98.8685
22.5537
95.4665
14.6207
56.2409
86.7591
48.7333
53.6541
76.5007
75.3025
36.3731
61.1118
85.0066
58.6639
58.132
27.5853
28.8799
50.1548
40.5464
14.1008
21.7078
66.8003
15.4086
4.02892
69.192
7.09524
17.8052
32.79
57.6447
98.0796
41.7053
65.8794
2.49496
89.57
18.6289
1.12749
55.5116
60.1279
8.73658
17.9475
27.4774
51.1074
89.5839
45.621
34.8819
8.68546
81.3277
99.9662
73.7847
78.3643
17.6543
92.6111
52.7508
83.186
74.2137
60.5278
58.5781
14.797
79.2788
38.4247
54.6836
64.4811
13.9374
42.2668
19.7862
39.3227
98.8184
93.3014
55.8864
49.9912
71.9928
45.5923
10.0647
0.306393
19.6929
35.0355
7.27369
20.3597
31.0214
15.0039
7.05964
62.3242
70.6604
62.8543
99.6411
94.2377
81.4932
3.90355
69.3064
14.3135
99.6011
1.99236
45.0341
69.127
61.4634
4.59544
26.742
50.4333
37.3314
56.2644
37.6226
95.1776
62.5493
16.2481
36.2552
38.6568
8.34465
85.0049
49.2143
59.9092
18.0686
18.7781
55.8179
97.1249
41.927
41.7314
11.1886
55.6526
15.5612
74.9412
17.2562
54.9771
3.52
11.849
75.7351
6.2139
34.9563
30.4235
33.1948
65.72
93.4063
97.4693
46.5407
90.5722
3.63819
7.1708
23.312
38.5565
77.4015
2.17047
22.0692
67.8345
59.7931
79.862
46.709
80.4267
59.2062
29.4606
61.401
35.4356
8.1906
52.4565
31.624
63.1028
63.8526
2.85585
84.7725
53.0567
69.8451
60.1957
5.68812
89.6752
78.9356
43.4222
61.6847
75.5373
97.5852
43.6339
61.7476
5.1927
67.8197
59.4066
10.0395
4.14933
30.1159
98.0793
3.14056
90.259
13.1769
78.6021
71.9619
46.5012
69.6049
92.4057
10.7182
68.2475
39.519
25.1622
11.7667
2.47242
51.0443
6.69539
22.6078
17.1616
90.0567
99.1926
66.5832
72.7798
15.5576
26.6026
48.4531
24.5493
19.5551
41.5802
76.4579
52.4896
52.498
35.4664
48.8933
17.0698
42.6163
64.788
37.648
61.5815
65.2038
86.2669
94.4884
30.9086
77.9275
84.663
33.9514
72.3828
59.6706
30.2849
75.0631
54.706
91.0188
89.7954
63.777
39.825
3.35609
94.4741
71.9807
4.90985
79.1502
85.5356
87.2096
34.0387
78.0577
74.6876
16.2656
76.793
72.0672
48.3325
55.3225
7.18326
96.6816
79.5984
30.3333
17.4936
66.1378
25.8136
55.3806
29.0184
41.4629
95.693
79.7802
15.6663
21.4198
94.4471
39.4421
17.6466
62.1049
30.6147
3.59648
34.4701
59.9899
20.3473
55.0335
35.7882
69.1134
20.7144
75.8656
69.3089
66.9524
25.4263
21.1782
94.9591
68.8657
96.081
5.12695
1.77262
61.9128
4.46854
50.3121
68.4685
30.8352
8.2275
35.4472
55.9465
40.1239
56.1455
19.7957
92.4807
67.6711
69.5681
82.3427
31.0686
3.14913
13.7782
59.4001
32.9981
47.0283
98.7701
37.4103
80.1142
17.6961
44.1308
27.7059
59.5267
31.1442
14.9107
15.34
63.7012
59.2337
6.46352
78.4143
1.70415
11.3551
76.0515
88.3191
61.8003
75.9469
15.459
75.3626
67.1563
80.453
99.6156
69.4643
71.0089
51.7239
75.0125
94.9399
66.7777
20.6242
93.7917
9.13529
28.3535
47.296
92.0856
53.6228
46.3559
36.7268
31.1566
5.5156
25.9673
1.16628
32.0004
21.1268
63.8676
17.7712
34.277
82.6688
17.7846
85.929
59.3495
0.56634
31.7645
76.9365
87.6594
9.71942
60.214
80.3277
68.8557
22.3515
95.2591
54.2199
32.3369
63.3147
10.3049
98.8184
74.7852
87.4485
14.7486
46.1562
82.1541
25.1146
17.6722
6.50307
92.3839
82.5895
75.2418
74.9699
49.7547
74.3685
30.1269
97.5845
97.5992
16.1567
57.8049
73.695
92.1416
70.8572
90.0744
67.0454
50.944
31.6625
25.9225
4.69189
80.4609
6.73985
41.451
38.7109
95.874
31.199
31.4667
18.2713
83.7371
0.730307
52.2142
66.0244
84.1093
54.6532
60.7962
92.6675
83.3149
67.7486
36.2992
73.6497
60.1215
99.2999
79.6279
27.4979
45.0539
43.3185
76.9044
48.4961
30.7606
52.5553
74.9233
85.2702
57.6234
61.7336
6.20914
39.1382
62.9288
93.9746
24.2465
55.3993
93.1257
76.9918
13.3925
85.0586
22.0215
8.31572
71.8871
66.7606
60.2491
95.1061
21.5276
88.4327
6.19329
77.304
79.492
6.4168
86.9585
15.8461
19.7381
46.3717
10.4195
61.3214
72.4157
16.3148
92.1546
98.3464
13.1861
80.2683
28.7317
43.6174
59.0992
33.4368
53.2597
68.6761
17.3717
86.608
90.5935
66.6909
65.443
56.6011
89.6737
37.7113
76.436
74.0458
46.8791
56.2657
42.316
26.8667
7.08894
36.0612
12.0238
37.5065
89.1497
17.6316
37.6184
42.5122
15.8959
69.115
42.6281
57.8701
22.9196
48.7715
67.0418
32.5561
97.4623
2.82928
80.9111
48.096
57.6412
99.6775
58.4052
3.49403
45.8616
21.6506
78.0183
78.3336
39.2799
64.4165
72.0887
84.267
98.9224
60.1165
80.0872
3.38992
58.9826
32.9378
83.504
54.096
69.5457
58.0113
44.13
2.82194
23.4912
15.4582
42.5017
85.0705
1.40255
98.5707
10.0661
50.8828
3.53001
68.2692
31.4624
31.538
86.2624
42.0808
63.238
70.9209
54.781
31.1808
30.2769
22.88
66.248
25.7068
93.4015
69.0445
22.729
2.18012
36.6557
25.2117
21.5155
93.7634
36.4135
47.9971
43.9315
21.541
53.0186
42.1549
95.7072
8.8218
94.6181
6.82088
43.6541
71.9829
93.5942
40.2527
31.1698
22.9225
35.3082
12.6585
13.0083
10.1262
5.04376
91.6034
90.0927
99.5255
40.1045
9.59201
65.5547
84.1593
47.8733
11.8397
21.3234
20.0412
61.4656
18.8148
49.4991
93.7015
29.9334
95.5903
27.3899
78.3432
24.4586
4.09299
96.5141
5.00137
45.2135
41.9582
38.1109
83.9773
63.4012
69.4455
96.3121
40.5436
54.717
74.0036
12.2318
88.7505
36.8135
84.229
45.8642
28.9458
32.3041
6.47137
37.6462
76.1713
49.0607
13.0889
77.9416
24.9917
67.2788
3.28104
79.6029
70.6695
7.83944
81.2581
89.2458
65.9345
17.1078
55.2966
17.7566
49.5896
47.4131
21.7542
94.2838
24.9705
58.0942
75.4758
90.4687
37.8886
52.156
7.86792
82.669
2.7234
48.6312
91.3046
45.3822
68.0966
87.08
4.5235
84.4761
89.9369
50.0668
24.0744
34.4778
36.9569
69.3782
96.5354
71.7047
75.3992
33.1727
99.2038
16.6681
90.3364
47.2977
94.8138
9.73536
75.5512
70.7882
6.87378
23.5091
85.7802
80.6401
27.7714
80.6465
66.0041
16.893
89.8862
80.7864
25.1545
46.2003
86.1283
62.8321
95.7605
3.86898
57.1837
26.7087
17.6267
62.727
88.5613
94.7674
73.6468
40.3281
24.0609
11.5687
78.4088
81.2497
5.17309
31.5091
86.7807
86.6444
40.6369
18.7445
7.51233
6.34841
51.2782
10.7933
40.1518
41.65
95.8342
62.6785
36.0349
12.5945
49.5162
41.386
89.1231
47.3348
57.5168
85.4755
48.6383
4.06632
87.4324
62.1472
28.4784
79.2916
2.65951
72.6012
2.26406
24.5224
15.782
60.6189
59.6875
8.05682
17.6507
69.8049
3.76956
92.3481
54.2771
95.5207
82.2488
39.9828
59.5459
90.8215
42.5396
69.8645
33.1221
70.0145
17.8298
48.5881
88.5802
81.2131
87.1053
84.3248
93.6704
12.4873
92.9005
51.6578
55.2042
55.9082
98.2928
45.748
13.0808
11.0372
8.89089
7.18907
80.0668
84.3313
22.892
79.7715
35.7117
6.22699
71.6331
35.7993
52.1477
48.3736
17.1678
0.601529
99.1201
23.9358
82.3706
50.6745
38.691
86.3188
52.28
51.7099
0.748176
29.1241
71.574
80.4844
56.6857
85.9564
41.8413
41.596
64.1
64.4585
30.2377
45.2505
62.1996
46.1511
20.0562
0.694937
44.5072
16.3134
15.019
88.3879
74.9904
70.3446
18.7912
41.9835
76.6888
15.8928
48.2339
79.7446
50.808
11.6936
77.804
81.7257
10.2391
49.4857
33.9854
28.9849
7.74153
22.3703
7.31292
32.6737
48.9785
60.4088
68.7071
90.4895
24.395
23.1218
39.0441
73.6606
1.24288
58.3621
87.4315
45.9321
65.3477
9.07489
33.4315
68.6582
87.1651
80.1562
42.3201
57.358
50.5042
94.0828
67.648
20.2395
16.3944
76.3537
80.4251
38.1254
31.6085
35.0274
14.9917
78.6658
51.7081
17.4871
98.4853
18.8727
35.314
91.2033
0.211836
92.5771
59.438
81.2592
30.6706
83.4456
37.0302
91.001
33.9439
88.5055
60.7869
82.2417
82.5918
42.1144
48.2591
0.134297
22.1815
68.8068
46.3867
19.2886
86.5963
90.7102
89.2247
20.7095
21.4626
89.0154
59.726
65.0778
86.8507
43.9081
0.510267
67.6394
5.22788
4.09383
27.1079
98.0442
61.9869
18.6573
79.4538
91.2485
25.9808
16.5965
42.7606
36.8034
6.96516
40.3709
86.5194
5.79671
96.0546
82.5585
15.777
19.1991
78.5268
18.3177
59.9372
30.0728
43.0975
67.1055
5.99374
8.96662
32.5184
6.9087
97.5964
55.0174
38.02
7.32533
79.99
25.9694
55.0166
88.8219
91.7632
3.427
37.3823
94.757
99.6288
63.6089
97.802
26.493
40.6479
9.65632
92.4715
68.6215
33.8883
19.8935
39.2892
41.819
51.8258
42.8508
13.707
77.0687
69.1393
29.5275
21.7987
51.3605
70.0769
8.57103
2.36829
38.4565
80.844
1.29655
44.4671
4.39365
48.6073
38.5057
71.3793
96.3191
37.5029
11.8031
61.291
13.1954
81.8815
64.04
12.9335
48.7735
29.259
75.3431
60.9136
6.86466
51.2798
35.0397
22.3407
5.99387
10.5321
77.13
93.7384
16.6961
70.5351
81.3582
10.8922
86.9046
21.2544
36.1635
6.68654
54.262
11.7431
29.061
51.198
17.4858
43.2632
39.5331
78.0179
11.5116
5.05573
79.9889
55.444
26.2372
94.4142
48.366
34.488
42.4395
6.02956
15.1655
40.6243
33.1141
4.58544
64.3208
40.7267
61.357
61.6953
70.5366
76.5068
83.9458
58.022
44.6381
5.47553
44.675
25.9923
77.6497
60.3869
52.7775
29.645
75.3728
66.4114
51.4337
18.6872
60.0197
32.1512
18.5772
36.2224
32.1999
39.7765
93.699
89.6913
22.3049
59.0733
21.8732
28.4487
20.7425
84.1937
10.4729
48.1989
9.24634
64.9357
94.1622
34.2581
94.4822
17.231
68.387
7.68888
66.6593
91.9209
26.7962
40.1465
34.017
37.2832
0.138545
84.8588
16.8631
17.5325
87.5421
27.8672
5.35088
6.65574
80.5351
19.5635
39.7478
99.0245
49.7161
68.9618
13.0616
8.83091
71.1602
72.1863
51.854
8.84627
78.5979
90.1515
76.6133
63.092
32.8712
45.1331
22.7548
15.815
11.9481
63.5685
94.4892
61.4683
21.6359
31.0277
39.3523
96.0223
98.2975
20.137
27.0626
70.0929
75.1861
89.1636
71.3765
77.1805
83.2751
19.2661
90.6375
97.51
40.4635
8.03403
80.2
32.2593
28.9209
56.4222
13.0731
55.9509
18.8535
31.0636
63.1598
2.40388
93.5243
31.0294
87.9787
37.2043
23.7117
57.898
66.1706
67.5652
48.614
53.6022
55.4672
37.291
75.9803
51.5311
91.9652
76.0186
2.99325
28.0842
53.1353
59.7607
16.5126
20.747
7.06371
75.2669
86.0217
9.30053
30.8953
29.2349
84.7581
69.6968
89.2542
19.5093
48.4052
37.2857
42.8265
13.9379
77.1886
91.0441
79.7137
35.257
97.4074
68.6214
89.3978
89.8553
95.4881
77.3762
2.26392
13.1728
83.0807
1.54084
7.65214
64.0965
56.1999
32.0245
55.8952
62.7221
7.42539
72.5718
38.6719
42.0155
86.2153
76.7565
45.9582
54.4945
43.4284
11.2839
40.7324
76.9479
52.3979
0.248167
82.5028
74.9319
82.7993
96.9822
9.7093
22.1833
86.7558
29.0792
93.1312
53.2503
83.3513
23.0979
10.6461
90.2662
90.7534
88.0677
54.9278
50.658
9.8968
13.8246
35.7329
33.5046
74.4361
58.8112
38.8241
9.18441
77.7468
42.2826
24.065
48.9168
88.0607
96.38
8.34736
21.6143
46.3063
96.6934
5.4356
50.0168
45.8794
77.1696
73.9348
78.3524
44.6955
63.457
62.3587
49.3979
90.2569
32.7138
57.9325
34.6583
52.1313
20.7312
66.7257
16.209
81.7458
63.6021
53.9316
55.418
66.9912
37.3813
97.4174
26.0372
34.0784
24.9861
79.6834
4.11879
72.1918
97.2273
95.2076
78.1977
85.0335
34.8033
77.4447
98.6119
23.4263
54.2095
13.5533
90.2817
11.4678
6.21042
39.7351
49.3929
54.2648
47.9892
16.4719
92.6008
55.1207
43.6769
46.3228
86.9734
31.8932
87.5903
97.9401
42.0628
51.8198
46.3517
88.7574
56.493
92.7005
84.3279
5.77233
59.8589
37.3764
53.3041
40.8684
64.2864
91.6375
52.5419
17.9535
87.3511
11.6013
75.9844
6.29954
83.8272
87.7919
8.34406
0.863114
35.3561
74.6484
51.5572
95.5206
15.8721
75.6714
89.4248
86.7041
11.6248
52.7232
27.4035
26.7211
50.698
16.1554
52.0034
44.8602
88.9593
70.7368
31.0518
60.8442
11.9034
41.014
3.02781
50.5545
34.2285
54.9147
43.0786
11.4285
73.7019
38.6984
12.2913
66.689
72.0276
14.9792
95.6521
79.927
64.5776
53.4452
50.625
81.2495
98.6118
44.1758
64.559
99.0544
62.4707
80.7724
24.1933
9.95505
97.1406
78.1927
21.6683
0.745254
97.2202
89.5099
77.2136
13.1095
2.28592
42.2567
4.60319
36.8287
67.7806
44.4764
78.7121
33.4887
79.7892
16.5066
29.9487
4.74499
40.3
72.2335
68.1807
67.9711
3.75998
78.3895
80.3635
68.3864
85.8954
6.55968
48.9831
93.2829
63.3819
43.152
4.35829
44.8799
78.601
7.62559
9.25022
94.3005
69.542
21.6557
8.29845
50.6697
86.9194
50.7496
89.8073
90.3037
48.1457
36.6615
2.72576
56.4279
66.1112
55.9497
2.88252
8.20455
54.8388
61.0219
94.8532
15.1097
3.34253
10.5355
90.9519
62.2024
85.4802
94.7591
52.7785
13.1593
7.35907
48.6562
81.6753
33.1799
67.8147
55.9701
59.3176
39.1327
46.3011
7.20654
92.7086
66.6439
73.4793
17.9785
61.8892
31.6121
77.1379
18.325
96.07
65.7176
97.6947
42.3714
52.0111
3.17663
38.0193
90.4523
74.1764
42.358
30.0317
96.1203
99.202
61.9813
27.7225
72.6202
8.84007
32.2951
99.3556
84.6774
50.8746
60.9742
97.4009
25.0855
81.2254
96.1884
8.24019
47.6842
35.3135
8.45753
51.6147
97.8891
43.9882
10.6649
65.3397
80.7425
93.6833
66.6082
57.1852
10.5278
96.8549
26.4444
76.4657
30.7146
20.0482
39.9764
18.3428
3.71505
36.9394
69.0716
32.9594
87.4942
42.3523
35.1193
85.2524
45.6182
69.7837
97.7231
35.6462
48.5173
41.0984
93.0705
41.0907
57.2981
42.6252
99.1111
33.9619
16.5044
68.9597
38.8145
28.1786
90.0156
69.6482
1.78922
17.7763
66.0273
96.4497
47.0764
8.69365
92.5144
23.5071
97.8593
6.34395
27.951
22.1934
7.56345
60.9912
20.2145
87.1238
49.5667
35.2025
63.6367
96.5242
5.22807
1.76871
1.42508
69.6664
94.0863
69.7715
91.4456
77.514
20.0007
42.7556
39.2764
99.0944
83.7383
58.934
80.0215
83.2284
4.65003
48.1373
26.7786
88.5209
73.4608
67.379
64.8843
80.977
93.4384
18.4502
37.3598
3.23185
20.0968
27.813
14.1265
58.9639
4.13851
94.0399
22.4718
25.9662
48.1259
74.7354
47.1154
22.3422
28.6359
37.8763
23.3862
38.427
27.9255
26.5675
75.1333
93.7425
8.54042
25.6123
52.3228
32.3493
9.38536
90.5429
12.0428
56.8498
99.2038
87.3035
97.672
73.5055
44.4505
78.6386
41.0823
60.509
57.9735
89.9354
63.7506
29.5485
49.9643
72.9756
59.5424
42.8956
49.738
91.2134
51.4957
47.9774
30.5196
14.1293
50.6844
40.3161
93.2532
45.6861
74.4881
51.0305
42.1574
78.701
42.2046
95.1708
33.3834
40.3975
23.6646
61.5719
70.8756
42.4739
26.7074
35.5687
6.58093
75.0564
35.897
47.5523
13.9872
64.8465
89.9234
17.629
11.2673
80.1534
15.481
25.0257
52.9728
76.5228
43.8791
2.1112
71.5517
4.74172
1.23383
53.4866
18.5932
27.8974
3.69968
98.0986
25.522
53.2873
95.3166
78.4431
15.1601
92.8372
92.2163
35.4394
78.4222
71.8712
38.1508
27.6573
65.3313
74.861
29.1667
23.7004
41.563
20.2673
14.4377
88.3372
98.6925
99.5563
76.3991
51.9403
51.6645
17.2707
31.8122
37.7953
14.34
12.6689
70.9348
65.0892
12.3815
12.6591
79.4846
57.9715
69.7204
63.216
0.023743
73.8023
86.7556
38.4556
0.0455627
48.2386
27.2889
34.7981
52.0571
84.108
58.1152
82.0058
24.2646
7.03651
21.2983
41.6631
89.0251
61.2723
56.0027
79.51
84.2745
37.7677
56.754
45.7946
51.0707
38.6705
82.7565
75.7601
42.488
82.3928
21.7566
34.6769
88.3835
32.5185
10.2046
10.907
99.0872
11.9176
53.0471
72.4648
92.1177
42.6195
61.7074
40.8258
57.5233
13.0381
43.5592
53.7282
53.3721
31.9578
3.96823
30.8271
91.8423
21.4689
26.6736
44.1321
61.4122
56.8272
61.8077
85.3093
6.23897
32.8655
38.8566
20.0538
1.47
40.7249
37.2617
54.4036
57.2532
17.0294
62.5532
68.0962
96.8867
30.7264
8.41193
14.1052
60.1546
76.8157
26.8709
39.7466
10.8603
86.0597
89.6488
37.9964
67.7665
9.58482
86.9608
93.0811
46.1618
82.6376
17.1203
63.9515
96.6516
73.501
8.14182
80.688
98.1623
92.954
0.713308
91.3399
90.538
90.2573
80.8332
44.3979
1.0504
72.9603
6.73297
22.8128
35.4715
18.6614
66.3464
42.2774
86.2412
86.8297
12.2292
62.4832
89.3549
92.1398
62.4034
55.0987
17.636
74.3125
9.417
45.3748
49.7207
50.7856
65.8554
15.3572
23.3061
54.2512
35.084
62.0393
95.1933
9.09643
14.3433
92.7967
31.3649
16.4424
68.6395
28.2219
8.53246
7.50328
27.7866
49.7004
86.9896
3.96914
20.2055
70.6452
89.1278
43.3197
26.6065
23.3436
14.7308
88.665
54.9418
3.61062
15.3241
87.1384
14.6685
50.9674
57.7322
23.8139
99.9328
32.5804
37.4965
54.651
43.0133
41.7331
53.1868
38.8385
36.4049
1.5925
16.5082
60.4088
79.83
61.5224
18.2971
4.07411
76.1751
67.5466
25.6875
25.0779
88.7434
92.6702
81.2513
64.054
45.9085
16.5511
64.3979
70.264
57.8915
36.978
94.1734
6.45076
78.6954
85.346
54.5679
29.5283
55.2496
50.768
1.62689
9.63483
17.0214
45.631
37.4295
6.67452
27.9451
73.2074
68.8824
5.66254
19.8395
48.8268
13.5098
96.0786
66.5296
64.5663
29.1798
23.7099
38.799
27.3547
46.9061
77.6933
58.109
60.5722
75.8202
27.5564
46.5894
38.7137
9.03619
14.8269
70.3784
99.2449
73.3441
81.4979
78.6906
17.21
0.123187
60.5077
34.4572
82.1616
55.2203
80.2498
71.7306
39.1501
58.543
22.241
4.73804
11.494
87.4181
40.6096
10.2788
4.83081
17.9219
8.70201
54.4187
54.018
6.69269
27.6359
94.0769
96.5538
77.9235
17.3785
20.8735
94.6305
43.3892
32.6261
20.5148
34.2686
66.6793
52.8763
65.8532
34.0269
5.77995
92.0602
30.4131
41.6989
96.51
19.5901
98.2378
78.2294
9.76782
95.9155
72.9532
41.4368
27.4464
57.1491
6.66629
44.5194
71.359
43.7318
42.9921
19.8384
19.1533
58.9679
31.5009
77.2015
61.9489
70.9706
25.5719
54.896
45.1721
75.0469
35.2627
42.603
53.7293
99.0834
33.3407
77.9086
42.5808
50.0538
9.15149
51.5721
70.2326
88.1959
75.7675
87.3597
74.5612
47.4121
74.2892
60.1796
92.614
38.0706
51.4251
18.642
45.7952
32.0893
4.68553
51.8565
39.8943
39.8077
13.2789
65.7076
3.26296
91.7332
45.4975
84.1909
83.4478
58.966
65.3766
75.106
12.9552
24.9796
19.4386
66.7792
43.7604
28.5226
44.7397
18.9803
48.1768
23.2551
54.24
23.5911
0.420879
92.8236
94.1793
44.1666
67.9013
24.7688
29.9546
25.1281
7.22989
44.8317
95.4902
22.9607
44.065
91.1169
62.0456
78.9611
28.7201
3.56865
3.71574
75.7902
89.985
93.8285
0.0874855
38.2133
1.30667
42.7418
49.2755
79.4457
17.6073
65.2728
21.4775
75.3042
87.6094
54.4611
32.4171
37.756
90.326
47.2715
65.7318
38.2269
62.0919
17.5708
18.3101
57.2201
49.1039
6.07211
73.1834
76.5331
11.6419
88.0505
20.4421
77.4076
11.82
40.5526
53.3825
10.9326
26.9643
62.3499
55.8252
97.5796
83.1412
95.901
81.4035
2.3416
25.6019
45.2215
25.7586
33.6869
34.6151
37.4465
45.2755
68.9731
91.616
70.4963
72.3841
86.1155
15.3355
5.94829
80.9368
37.004
34.2298
95.4868
30.0102
37.5588
19.4775
46.6562
36.037
62.1466
96.8935
37.5272
52.8542
42.8882
24.0148
14.1997
24.362
99.0452
62.5021
50.4883
69.4758
8.9092
48.7738
80.3788
35.4691
61.0704
16.5604
37.3912
77.9182
15.4639
13.4832
94.7534
49.8867
16.8918
2.78556
94.0061
10.4455
88.457
66.9429
99.9367
65.6521
87.8312
40.5596
24.0049
86.4141
1.01818
37.5721
23.4466
21.7489
63.4732
93.3054
22.4285
56.4347
79.8646
51.8244
10.7513
96.3049
1.00686
89.0866
19.4899
47.1175
35.7872
41.1595
32.1829
71.1851
69.0241
75.9543
59.4287
40.0562
21.7514
33.5752
95.8803
39.7934
36.0048
5.45247
67.7306
64.2971
95.4085
42.3645
89.0507
86.8431
39.1515
51.2412
43.5995
79.9814
16.3807
45.9562
12.3229
5.97017
77.1743
27.5679
92.4406
66.7889
79.7593
85.2034
82.356
82.3809
75.5769
99.4812
84.4372
50.4063
44.491
32.9857
66.2164
20.922
48.1917
75.6487
81.1132
93.3783
37.3324
21.6925
85.7524
25.3639
10.074
88.4142
65.0118
78.4356
14.714
88.9074
37.23
96.1123
31.6442
55.3761
57.4831
65.1121
23.643
23.202
58.2612
8.29723
53.7452
3.7438
58.602
48.243
75.4577
26.5034
6.8557
69.1294
22.8336
28.6927
36.6066
79.2365
58.0406
64.9389
7.6991
48.5987
26.7379
58.3082
86.3877
92.6793
27.3747
4.06518
64.7277
42.3528
70.6553
36.3121
71.789
79.824
80.8531
38.2442
80.3473
78.2714
22.4563
31.8513
10.0094
78.1555
61.6229
33.2879
88.7457
4.35904
25.0947
26.5082
44.9182
61.9758
18.9269
96.1578
53.7251
95.3405
53.7008
4.26666
12.7027
57.6776
51.6112
91.8177
41.2447
41.1269
56.6136
63.4742
99.0785
88.1416
56.6197
44.7939
61.9228
85.2406
92.4221
23.7276
97.143
55.073
6.22333
82.4056
80.6366
86.7602
35.0564
51.5702
72.8437
24.4971
73.8209
14.0476
1.9311
15.1221
56.0154
1.88453
68.4697
85.7388
71.8842
46.6572
86.4231
23.6318
58.9597
75.1057
33.8793
50.085
94.3438
23.1541
26.9715
94.4614
27.6352
60.1387
84.0904
47.3759
72.0406
68.1102
29.8836
54.1937
73.2867
19.9063
35.7363
96.7138
82.3187
29.025
31.8378
33.9975
76.1316
78.504
40.6136
38.5328
39.9247
33.9346
62.6542
2.77926
85.1772
45.3067
34.5347
92.5294
91.0368
45.6085
99.1182
50.8233
4.24263
54.3701
28.6233
82.9147
77.0597
73.0475
73.2063
16.7199
25.5265
33.4128
19.6867
45.4227
96.2593
2.5246
41.7895
56.772
12.2538
57.1884
56.1795
42.9166
60.7971
12.3285
95.0042
38.1984
22.2667
8.51922
91.6927
86.382
87.8548
8.81711
45.1957
3.63054
58.7125
70.2575
87.707
34.4816
75.1928
35.8466
48.1693
2.28218
86.7595
58.9851
95.1555
43.5798
3.39353
73.4691
32.1306
27.7168
89.5895
73.7278
31.3794
29.7825
38.7242
98.8476
39.4244
29.8985
12.2217
86.6225
33.939
17.7568
92.1773
10.8293
46.6882
52.433
90.2171
2.14984
7.78779
16.559
69.7808
24.8704
47.9577
34.9592
52.8878
37.372
44.0004
59.3698
32.3288
42.8233
17.6835
74.3961
76.2373
87.467
5.3131
47.5404
2.36872
1.12024
30.7199
67.6912
90.7078
52.2822
91.2386
49.2041
29.4737
33.2616
1.1944
0.668505
67.4713
61.5026
33.5197
42.8452
73.2967
17.5409
76.0073
92.21
92.1179
39.5433
52.5869
48.666
21.1521
83.9996
65.6635
50.8491
86.5103
28.8243
4.71252
42.3168
85.6517
69.3687
54.4962
16.1628
84.3188
82.1435
86.3232
25.8744
42.9534
80.1457
56.8673
96.094
16.5233
93.0074
65.0738
20.882
84.7445
9.0382
48.942
6.88193
81.1787
13.9929
12.7527
91.5591
10.018
14.7832
4.11746
18.2016
80.9799
53.8937
11.4571
92.9678
12.6149
57.9554
80.1346
29.5381
29.0003
2.41868
5.84418
63.4858
84.1868
97.3231
24.7147
62.7329
83.4782
64.6511
84.9109
97.0214
31.7117
41.1178
96.7292
1.58967
56.8033
75.4533
64.9862
76.7062
3.62764
46.5149
78.5395
53.2753
98.8105
87.8607
73.8393
26.7722
24.0667
65.7173
78.038
60.3383
6.20221
13.358
49.6947
95.7915
52.1756
70.2834
13.48
45.9547
64.8153
78.8878
96.7528
60.0856
88.0273
71.5602
48.6405
86.0389
37.949
69.5745
85.6584
88.55
84.8105
40.5072
58.5098
11.7206
21.0558
41.831
9.94049
68.9208
63.0072
67.1562
78.9167
46.0876
94.2227
95.6875
26.3511
95.5792
12.7238
44.6405
47.0347
56.2119
54.5934
34.6329
7.68706
94.9231
7.58286
51.4299
75.0856
11.6179
93.8775
58.2247
55.2763
30.7719
33.7228
13.8875
26.5295
49.0595
6.24986
8.59947
2.65596
83.3021
51.5467
37.8874
67.7552
71.5443
88.8158
66.8772
55.8174
50.7735
84.4399
98.8773
64.8043
90.8615
28.9191
28.6177
63.5387
5.62788
70.7303
86.0581
2.88878
8.07859
98.4392
42.2795
90.9981
34.3137
32.8838
6.32513
57.5934
58.3619
98.8522
4.27201
73.7902
97.0058
11.8919
93.8908
23.7544
38.964
92.2898
23.7495
14.9567
92.9682
58.3879
53.1499
74.2518
76.8635
25.7838
21.181
62.0788
68.3364
4.30645
34.394
58.2278
48.856
47.1682
42.5317
15.6671
22.1248
55.675
84.5172
95.2822
79.2111
55.6273
29.9217
36.7799
47.4089
47.9462
64.0791
29.4031
34.5822
56.9669
45.5954
53.0231
12.0459
29.6524
56.2446
27.7997
28.7653
50.5326
62.9152
6.29905
78.9201
60.3416
35.5197
30.5097
39.2316
73.0262
34.693
62.4728
22.0283
15.1309
60.6518
7.91222
27.7939
15.6182
69.7902
27.2412
33.3767
68.1434
15.4275
93.2163
14.293
9.34624
43.39
74.2247
54.0712
97.4505
66.6057
54.806
29.0132
52.7417
31.0308
29.4615
3.79054
7.28738
30.4709
69.2859
6.00359
48.7505
4.35169
86.8563
95.4985
14.2426
70.7608
29.1037
77.7422
72.798
59.5625
49.8873
73.464
28.8134
85.6214
53.0368
52.016
93.8228
52.2949
20.0839
31.4958
43.2741
79.5344
76.5076
11.5269
82.9007
55.5259
1.45693
30.4645
61.5913
95.4282
37.0884
4.87182
21.4753
55.0273
3.17041
10.2432
76.7731
32.3144
87.1147
67.6466
39.3149
85.6338
38.5928
85.5201
49.1574
49.791
56.8689
28.4109
76.1943
19.444
47.161
77.2784
41.5659
48.302
65.2508
5.28398
52.1539
93.6166
99.3521
52.3088
11.976
20.4729
94.5753
57.2828
31.2255
83.8235
94.1619
90.939
50.3444
14.4104
42.882
39.1766
70.6858
66.6772
38.9293
95.8186
45.5672
52.1789
25.8684
50.3049
26.6651
0.252137
89.9873
75.3258
6.07775
32.6317
68.4732
28.5341
88.6688
76.0264
38.8321
27.6364
34.6775
20.4606
60.9837
65.7482
97.5062
62.3939
61.1172
49.3041
60.472
95.8599
64.4479
49.3054
2.44262
0.899761
82.3109
30.567
13.7682
14.6734
91.5938
9.28288
67.2726
43.4394
64.9847
7.5355
21.0779
72.4959
76.6055
75.6497
85.926
44.4114
63.4891
2.04638
5.41732
15.1564
21.2845
60.2238
31.1111
85.8745
98.0618
59.4905
75.6265
61.0014
56.8196
75.8352
62.6695
40.6648
7.06499
75.1591
37.189
63.0373
60.3392
6.0635
4.48135
65.3627
26.5273
66.7744
57.4748
59.7496
67.3927
82.7186
43.8784
47.6813
56.4024
41.8602
7.24147
46.1549
27.9961
46.7306
29.3338
70.4163
27.3735
18.5268
44.6119
27.5661
6.21331
59.4248
68.9865
32.4603
70.4348
1.65901
18.5912
88.729
19.7628
31.6141
99.6016
3.77737
55.5472
96.0069
6.59478
33.5595
5.84357
42.6276
8.38527
82.0396
52.2894
75.9899
24.4173
64.1676
29.3153
58.8302
52.501
55.7545
85.7241
50.4257
24.1214
28.5107
44.016
41.9266
34.3654
15.4569
85.0759
55.9761
25.3184
74.9501
70.9655
61.8684
26.0774
66.4747
82.4746
60.5507
72.4911
89.8367
96.3264
14.2159
48.372
44.6317
82.8634
0.277616
21.4859
79.8699
23.9734
91.9224
0.618121
96.1083
76.2943
31.5489
97.4645
89.0778
72.3941
53.5098
82.0419
37.7412
38.7725
49.4443
92.5522
50.3916
0.807571
27.5153
90.013
92.1974
89.271
7.20483
21.1598
23.8342
45.6828
8.17767
15.9076
41.6757
22.3871
33.0197
33.8036
16.1597
35.6044
5.8932
91.1252
78.3258
38.5098
69.8584
24.7047
2.98182
57.5031
85.9193
70.8005
4.42639
31.3892
26.3893
68.4157
79.6665
71.6659
9.17648
21.4586
60.4185
4.34882
50.0259
44.4268
8.08472
76.8335
53.7025
39.8941
59.2308
60.0832
30.9295
43.815
54.7262
44.8968
56.6587
37.2166
39.3735
61.1309
36.6814
73.093
14.1695
42.5416
12.6983
32.2547
89.2136
24.2287
66.1027
40.5666
23.2151
65.9354
51.1659
3.98672
56.7613
89.2595
21.254
3.5241
98.0782
39.201
21.4165
62.6363
47.6689
59.0466
40.0571
34.3666
53.9599
20.3546
84.4025
2.42919
58.1396
95.8574
80.2635
58.374
82.5729
45.7183
93.3555
85.1633
93.424
34.162
96.2787
66.6436
50.2535
7.42915
32.1988
23.8655
80.2893
5.3338
53.0873
49.4633
38.8406
64.6681
96.2199
41.511
82.7514
78.1506
37.1932
57.1012
22.1314
29.5906
4.69508
46.9287
54.4311
68.6392
51.8554
22.8989
64.6024
64.3526
11.9328
85.8297
50.8242
89.1218
8.60668
35.9892
68.5455
45.233
42.0578
8.08688
40.5678
58.8319
79.6934
64.7847
76.2964
16.9836
85.3047
1.86456
57.7889
96.346
6.09216
54.2298
50.656
14.9651
31.5036
74.1262
13.6213
49.9088
81.3966
60.3877
55.0143
5.53637
75.8753
8.9804
44.8902
53.6573
88.3882
81.8824
62.5792
72.6113
65.4833
72.3678
67.2735
68.2295
9.82442
34.1392
11.7964
90.3666
95.3391
57.1955
77.2011
43.2775
34.4631
34.4895
84.6298
54.5195
95.9236
16.8567
77.5467
49.1496
27.768
18.0986
53.6803
57.896
77.6502
50.1441
1.90617
50.5289
91.5431
79.1268
6.79018
61.1399
31.3489
63.3352
79.3142
64.4643
63.6759
74.0463
31.8378
97.5504
17.2838
11.4452
4.83024
55.6084
2.28734
94.6198
17.9494
95.7769
85.3516
7.21583
51.1721
7.70841
0.78763
45.253
95.9418
44.759
32.8737
9.41139
82.7669
31.8863
69.6719
66.4192
90.4693
90.7841
8.85157
64.1206
45.9383
21.4907
89.6229
27.9961
64.6344
80.7931
19.5582
30.218
30.6897
69.6029
95.5436
48.2021
71.6685
72.2799
40.2811
26.6738
39.9742
11.0449
36.7479
7.88514
65.6939
85.6423
42.2674
64.4753
33.7104
35.1064
48.0407
34.7332
86.3948
48.094
57.0482
24.3374
65.7397
6.19718
77.5534
48.5257
99.2962
11.6785
50.9983
44.4791
26.774
52.9927
47.2265
24.5031
48.8808
49.6598
26.9705
52.4128
58.3986
20.2008
94.4963
67.2013
55.5876
46.8747
82.0238
73.9245
7.85132
97.8048
34.1492
14.4375
36.3297
49.7706
33.0555
44.0193
83.4565
28.3239
13.9616
41.9071
67.7265
96.3628
34.9589
73.9363
62.1597
23.7967
37.5533
69.3021
59.4438
73.1802
68.7657
31.5378
36.3498
33.2017
42.2941
70.48
26.2302
15.9794
82.1053
21.536
57.7968
11.1541
10.9691
24.477
11.2968
30.0784
37.0081
57.4516
36.561
97.7893
68.4747
14.2156
25.7468
79.9875
74.8879
0.467196
80.1862
90.9872
32.5591
93.0693
57.8645
52.6685
38.9436
84.9807
89.8566
78.53
11.6171
93.9673
10.6517
17.4279
36.602
17.1695
87.8763
45.0808
72.948
52.8386
20.0024
76.2707
63.1688
45.9084
77.8547
98.3086
52.9598
37.1693
4.68049
10.1869
91.449
62.1622
18.1716
3.93039
91.5481
91.2013
12.2345
42.795
68.6086
76.8276
22.608
83.4863
58.1944
26.8974
64.5336
37.8499
38.392
81.9428
58.4843
16.7781
57.779
5.55728
81.2749
78.7541
53.565
4.69032
88.9753
39.3282
82.0344
84.1105
10.6197
79.542
24.3369
63.3908
80.4271
29.7835
71.7085
31.1506
30.8166
92.6789
67.2214
43.3241
16.2769
33.6266
97.2152
99.4429
96.1771
68.6342
16.2369
47.8327
19.0923
18.4112
24.6241
13.4211
45.9021
97.0333
0.324369
61.061
78.2836
48.8327
15.2332
26.4851
5.93985
74.2494
12.215
58.5946
3.34036
33.7753
41.6397
32.6027
10.8023
23.6132
48.0572
95.5215
3.75965
18.4798
52.6535
90.0721
77.4981
39.6913
53.9129
71.425
52.7837
14.5157
10.4509
53.7569
41.4885
19.8488
99.3796
86.9357
1.25475
96.8702
93.4802
12.2974
84.5782
76.698
87.091
63.6391
81.5426
78.6287
40.5316
72.3962
58.0021
98.8679
20.8944
41.2441
89.7303
26.2911
81.3925
95.9309
18.7115
30.1646
41.8025
73.3262
1.34442
62.9967
83.3967
26.0934
50.0588
48.5887
57.5411
26.3938
22.2542
58.9123
71.427
62.4216
94.1444
26.5244
6.00422
90.3451
24.398
66.8357
99.3755
24.3336
66.4443
72.3033
64.8898
26.7671
14.7341
79.6144
55.2078
31.3212
76.6492
77.2557
48.1634
45.4688
77.9507
33.4918
78.6502
61.4733
93.4703
21.6251
33.0631
83.2878
80.196
60.3288
96.8276
47.8144
3.30968
51.7821
32.3413
96.0048
82.0721
23.6663
47.661
48.9806
10.7162
30.6698
77.2172
51.5886
88.5389
63.5813
45.9889
43.5815
99.1657
65.1091
86.4916
85.8307
70.7173
98.0626
78.414
53.992
88.7103
30.2775
1.62981
48.1096
88.1626
88.1331
11.7008
45.0491
94.2725
47.5153
20.8534
36.1018
51.5862
20.8716
9.38867
97.1068
79.9186
38.6764
12.0261
92.58
40.8686
90.3437
73.6932
34.8519
80.0214
98.8457
58.9225
43.0214
93.1653
1.12979
13.332
24.7798
81.5015
95.1964
8.63224
69.4934
36.3604
48.088
85.8205
45.3441
3.59186
58.0394
73.8402
99.3672
1.34317
38.782
30.8987
61.7381
96.6121
42.2022
28.671
82.1865
15.8768
42.8298
60.2684
9.10811
44.2502
88.7745
7.39615
60.8378
25.5356
98.8879
87.2561
8.12585
89.7626
81.3818
59.8575
48.2981
85.4904
91.1
68.2306
2.5621
10.8246
51.1584
51.9706
11.017
42.0153
4.15765
62.7991
4.50722
52.3043
72.191
69.1932
33.2344
78.138
73.5797
91.6812
59.4642
25.7481
52.3325
77.1028
73.4923
75.3373
9.31738
19.7326
33.3758
39.486
31.3909
20.28
38.686
30.1181
42.0709
53.5877
82.4348
10.28
7.51383
41.3739
97.0382
44.6338
61.7984
85.5949
10.9747
87.3811
27.1588
11.5934
17.7127
89.7336
48.3803
97.5876
51.8922
47.4438
84.9512
43.3362
1.84289
10.327
11.1954
30.1101
28.0468
38.3816
11.8984
29.3241
45.5399
51.1966
44.7329
92.7012
57.0535
4.38409
12.7497
65.8291
59.963
33.6131
3.19928
31.1803
51.4101
67.8908
78.5365
17.5145
62.2416
28.5327
25.1473
14.965
61.6704
64.4778
0.867171
78.0414
21.8614
67.6013
33.4419
50.6843
19.1314
5.96986
27.3613
85.9317
24.8046
24.0726
56.9053
45.3999
90.063
62.7298
12.3431
91.6522
74.4378
60.9195
20.8128
40.5125
98.258
68.9684
32.4226
69.621
61.4768
42.0422
86.1472
15.2889
32.8238
24.5934
23.5527
53.0774
43.434
60.9668
33.5139
22.2108
27.6242
34.589
54.9743
50.5275
59.2117
41.7607
21.0297
38.2174
17.4941
73.6334
73.902
65.3156
63.7329
6.10304
17.9912
96.01
92.5695
45.2251
89.2892
38.107
84.8118
72.6677
23.5697
69.2145
62.5634
37.0098
78.9946
52.1236
93.5771
22.2011
1.56876
33.259
13.4096
57.6224
5.92635
35.9128
63.083
99.0924
94.6983
79.5791
0.787825
96.4143
25.5651
74.7475
96.9557
43.5668
59.8025
25.3248
20.4798
25.0784
44.4171
67.6496
38.9711
84.2211
74.0257
73.606
56.0453
34.2358
85.9183
35.7156
26.4786
9.20211
16.9594
97.3782
99.5245
35.4647
72.7121
59.6801
59.2797
15.8935
37.7413
41.1663
19.231
98.6366
22.5891
19.5187
57.8349
17.1182
71.3115
81.6742
1.72267
39.9755
14.0765
34.5507
36.9329
36.3511
17.3326
7.85081
61.9831
29.2455
24.3401
22.4665
0.993529
17.0586
53.1773
55.0261
88.9485
67.7959
45.4168
41.2416
5.13065
44.6003
30.2633
9.16667
18.2582
38.7326
24.4576
31.5436
90.3599
14.4595
65.3811
14.644
13.2314
10.0774
30.2713
13.1624
97.4277
15.5029
30.9781
71.4256
53.356
26.7895
60.1463
57.4729
66.6298
85.6951
99.1177
32.1652
81.0437
86.1745
30.5425
40.5271
46.4997
84.9776
27.0502
71.4958
75.6543
0.418957
28.4796
16.4803
1.39696
71.6205
77.0768
12.6117
58.3455
63.7597
77.6689
80.7915
86.8559
34.2464
93.6131
86.0762
16.3191
49.4504
82.5687
49.8565
84.0504
20.7321
75.4964
15.7638
60.9641
50.5304
12.2192
85.4845
49.9893
92.0394
49.8033
57.2503
40.9606
83.9264
51.4632
79.9291
70.6165
92.2996
49.9382
41.6228
47.9391
11.9732
0.480044
74.0401
38.5707
92.3308
88.9126
43.3101
10.5891
63.3472
13.0688
46.9564
40.1658
80.6453
83.3333
41.7184
96.3189
9.52185
42.1558
6.66583
63.2418
41.2425
82.654
63.5623
10.0163
59.0342
39.0926
97.9841
33.7264
18.3902
33.1268
71.1696
32.3553
62.5324
73.27
39.4131
44.3909
4.38543
54.1085
86.5206
36.2389
38.0856
6.59158
85.6666
47.5664
85.3577
23.1697
12.9748
0.881582
19.0083
70.4688
52.1202
89.2522
95.2212
46.6196
67.1756
29.6756
44.9689
72.6161
94.4309
91.5199
37.1952
52.7177
51.5535
3.88523
43.7938
64.2254
24.0931
24.216
89.6847
87.6739
4.03866
61.0214
43.0676
75.6953
48.3586
77.9177
49.485
34.5866
97.3163
77.1444
20.1523
46.9627
83.4147
97.3878
16.5227
10.872
36.3204
93.086
28.2355
17.3964
93.4695
86.6763
18.931
35.986
64.692
29.649
29.068
53.5247
76.3889
76.442
17.8296
77.2908
30.9237
5.4622
97.7332
72.3703
76.1254
73.0835
70.3777
62.8374
53.3675
15.6388
12.0971
97.8084
87.3835
75.4153
55.2598
42.3634
12.8761
68.681
51.6146
13.4305
25.8689
51.0406
94.1746
89.9587
2.85288
21.5715
38.7469
12.302
6.1906
75.1712
76.3001
36.8251
80.493
54.8297
7.94489
69.79
65.2585
49.2779
38.4314
57.2994
63.1224
47.3733
7.94374
90.1101
48.7545
64.6977
68.336
12.9177
6.26549
24.4146
74.8038
22.9726
93.4164
72.8313
33.0162
22.9643
76.0247
61.9696
29.7704
34.5641
76.2054
46.197
28.6124
72.4399
36.5299
28.6712
63.9549
10.6089
96.8647
98.9513
42.2824
10.3849
75.9659
59.8451
85.8254
70.2175
86.6498
37.1297
76.023
59.727
75.8553
42.4587
9.08088
90.2513
48.7014
78.6209
98.5035
30.9469
54.237
41.5149
13.5471
44.7219
16.5819
44.3063
88.2328
38.6601
89.2564
46.3501
51.1141
51.381
44.9624
78.9192
27.5491
99.6617
4.96405
10.4231
62.4218
8.73968
61.1453
94.6727
92.9861
24.7918
71.7807
76.2602
1.80193
47.1399
70.2588
45.1408
14.9554
92.6518
45.3836
50.7021
99.8264
38.3658
55.7448
87.4298
54.3713
31.183
79.6129
92.0097
84.5331
68.0712
41.4165
68.7514
25.3738
14.4249
3.83885
31.0033
83.3776
5.77516
62.3065
6.85147
83.6191
31.4938
84.296
84.7946
1.74402
92.1863
58.8666
21.5121
93.7312
90.4884
91.8222
45.3302
28.825
71.4196
54.8397
63.9149
34.0959
53.2758
51.2
79.0495
8.98538
28.3061
28.6114
37.7478
89.2313
5.93471
13.2923
28.9687
67.5153
57.8759
89.8813
69.6041
32.8305
51.9191
63.2287
46.731
64.2393
77.5326
58.0406
40.9783
55.2216
82.6131
81.2995
5.59502
5.63827
1.06552
75.1307
98.3471
35.737
63.6784
46.7245
54.1578
65.9996
28.619
3.84563
1.02419
42.5857
85.1993
83.5318
47.4725
26.2335
88.6282
12.9915
86.6658
33.4364
3.73922
0.760801
10.4886
80.6444
38.0733
63.7602
68.6401
31.9192
30.4885
80.0936
60.0327
77.35
97.7807
97.032
96.2546
14.9931
13.4412
87.8346
96.5955
93.2957
72.9653
88.3216
8.32356
53.2085
54.3422
58.8556
40.766
58.9641
89.0286
89.159
97.1652
78.6125
35.5527
93.6129
14.1941
10.1334
71.8396
78.2518
70.3672
56.7934
57.3871
9.76457
27.8082
95.085
83.8991
76.1272
7.52641
20.6869
83.7968
12.5547
13.4081
9.43089
11.7837
57.2519
67.1965
63.0329
14.1574
61.2288
69.5957
35.6523
6.80556
95.6457
2.65981
70.8241
27.8629
72.4718
24.141
80.968
90.1558
15.6957
73.5093
10.645
12.0693
67.9413
18.8872
31.8715
92.6656
24.4093
98.0558
9.9714
62.7845
75.2454
5.32826
46.9169
89.8492
36.4353
24.879
59.5184
73.1081
86.7016
45.5985
21.7727
4.91628
75.4626
57.0867
80.623
61.1431
92.1288
84.4964
86.5502
12.2197
66.0037
16.7074
88.9278
91.6334
40.8139
61.7112
1.08759
64.8258
65.3217
88.8162
17.703
42.3519
77.8408
40.5523
66.2294
58.1782
73.4334
70.8007
35.1045
69.9041
77.1889
3.90127
88.031
42.1863
28.4407
9.96788
4.69928
9.869
91.8905
61.5656
99.5411
49.2134
95.155
22.8675
86.6677
35.6263
60.879
86.5381
46.2927
77.0398
82.6512
45.3186
88.8726
43.5283
98.4674
94.2725
24.0127
2.08046
58.0985
82.326
44.9321
74.0823
62.3297
91.1467
74.2251
4.18558
80.4984
55.2756
86.8357
31.0128
73.0337
68.4181
9.23354
35.5668
98.7985
5.60313
62.0328
97.7371
14.4232
34.3408
86.4041
23.7484
98.6698
62.0017
42.9043
97.6864
70.0598
51.3372
2.3562
54.777
61.7989
50.4031
29.2412
10.3241
39.4881
38.0306
53.6759
99.0161
7.8954
50.59
11.3101
6.79949
77.4988
72.913
45.7323
23.9307
79.0102
75.2111
49.8931
1.66651
62.5587
65.081
46.1126
59.3546
3.81823
57.3318
79.5964
58.7012
8.706
16.0893
74.8855
25.5372
99.4215
10.4428
90.0373
95.796
66.3237
54.6976
84.8235
64.2288
78.9562
89.6441
46.936
26.1747
82.8739
91.0455
72.278
62.9246
9.35134
71.1171
72.0075
82.3008
0.77437
53.0497
75.7375
90.5735
9.96266
77.1686
18.746
15.8207
73.2088
5.87106
5.37981
24.4479
15.0901
63.9595
56.2838
13.0314
38.4512
15.2461
55.6481
34.5298
91.9946
21.2731
32.1981
2.80548
82.5226
4.65797
69.3037
35.1938
11.5254
25.3215
25.9452
19.983
3.31948
66.2214
18.2286
65.2415
17.8055
80.5183
55.5024
70.8668
62.9476
98.7159
65.1455
82.021
9.45082
93.8248
9.88625
86.2835
60.4703
53.7831
