44.1147
94.1661
63.9185
25.2434
46.6344
58.0796
61.0609
21.2994
95.3485
92.5132
21.4285
3.82811
76.3603
46.4858
87.9515
62.1106
39.6352
60.0425
12.2985
40.8072
94.2677
98.5621
33.2858
38.0471
26.1176
88.8493
45.6617
59.0733
11.0591
83.2235
51.9298
3.46507
3.34057
8.29711
94.8554
78.2954
40.5968
62.8698
42.037
98.0397
68.3604
17.4865
22.1951
87.7918
63.1383
0.741335
18.2036
27.6125
70.1292
22.6501
48.5704
21.9861
74.6497
60.6906
64.1638
96.1456
17.628
75.399
22.9721
37.5504
89.9237
58.5068
44.8379
43.7987
8.72017
88.1053
49.8849
86.7932
19.8571
87.351
34.3536
22.7064
48.7246
62.3711
49.8343
81.2396
86.9261
44.2884
33.0463
39.3973
71.5613
89.9213
28.6323
56.2676
33.1753
45.9458
0.0646801
90.5289
10.2789
29.4889
59.8631
47.8464
88.0254
84.9333
92.0682
56.5927
58.8386
65.443
88.0641
31.868
49.9109
17.8286
61.8835
90.5444
45.2434
78.1482
97.5954
36.6772
24.7334
67.5014
81.2635
99.7035
22.8664
16.4005
8.37822
97.861
81.75
24.1298
59.2153
96.2901
25.8742
89.7966
74.2724
14.6492
24.4673
36.9646
68.6389
36.8986
80.4562
19.6957
60.9122
38.6323
85.455
1.41749
76.2466
42.3506
76.0773
27.3116
86.3083
33.6039
12.3257
96.2573
86.0409
71.0191
54.5403
74.2049
36.9266
54.949
82.5926
99.0768
98.3171
3.34747
64.6489
77.6165
33.0594
18.9961
30.0469
31.826
53.9223
75.1358
89.7185
78.1472
65.483
11.0805
3.47955
41.5575
44.2755
67.3574
62.5422
42.8259
53.4329
40.5473
51.4068
58.9518
28.3645
6.76753
14.4499
69.8773
77.7426
78.5722
89.9546
62.722
39.483
27.4035
75.8513
71.8301
49.7858
16.6051
96.9222
42.2792
67.0271
25.7479
78.988
29.8357
39.0754
58.7203
5.05506
77.8525
74.2135
58.9393
8.60839
40.9649
78.0691
32.0045
96.4214
67.8687
4.9924
11.0788
95.7585
99.1455
4.16577
20.7817
67.025
56.2281
31.2369
18.4866
63.8476
41.7755
56.7192
53.2676
41.0316
83.141
66.4367
42.6127
80.3127
65.9559
64.93
93.9487
41.7254
6.80644
23.7705
4.76238
25.9732
98.1937
83.4537
17.9807
56.8956
66.5093
98.3925
42.5336
61.83
12.7613
9.58376
87.9586
72.2222
82.1044
16.8236
56.5662
96.364
94.3609
46.9562
96.9691
21.3365
61.9267
14.6233
36.2145
24.7524
37.4645
54.3172
9.83169
63.7564
14.8973
74.5961
40.0706
54.8864
94.6672
51.4644
77.7874
67.3253
60.8302
3.26291
70.0002
89.8979
98.3963
93.2589
19.8501
89.0635
55.525
75.509
53.8689
83.4533
7.56916
22.8856
16.5755
30.0207
33.8874
74.6293
81.446
59.777
71.5883
18.2506
76.868
51.4809
54.4743
81.1661
89.247
6.02627
82.7785
40.0555
9.08096
98.2428
83.7869
46.28
79.5827
17.2874
30.5562
64.5328
48.9811
22.3686
62.6454
17.8778
3.3896
25.6522
45.2178
91.7993
29.2
67.4269
11.7813
30.4378
3.80447
34.4954
29.1413
84.7456
15.1541
8.95377
91.3975
55.0295
36.5205
9.80696
84.3159
80.1593
1.74252
54.9065
65.5229
3.48076
81.7148
8.48797
27.466
5.19656
54.0052
1.99773
75.534
7.30387
83.4397
29.2417
72.4537
55.0842
31.95
35.3083
88.7486
88.6172
10.3973
29.0247
31.512
15.1777
30.1736
24.0796
7.46527
3.31607
74.8477
13.8373
43.6251
29.9106
74.9413
68.4038
37.8321
72.5731
27.529
75.8193
70.6
97.0254
91.8794
31.149
49.9616
39.8786
71.4688
61.37
90.6579
92.2123
50.4565
43.094
99.5112
29.4612
0.274599
2.39085
64.1015
99.359
88.7351
2.01313
3.24398
72.1281
47.1405
45.5015
22.7473
10.119
9.18327
86.8378
8.95209
70.7436
94.9888
46.8159
67.5903
7.99056
68.0895
54.7638
67.4427
71.6294
19.977
15.9013
15.126
18.0716
23.1963
42.7853
64.6915
76.6868
78.5945
22.1207
72.6699
61.2327
18.3918
81.468
46.1217
75.0421
87.2973
53.5781
23.9331
88.947
65.9202
21.3135
75.5859
83.2797
18.2473
96.7655
15.7329
65.5002
12.7731
21.5343
1.7446
75.2261
5.22911
24.619
40.315
57.2578
43.5983
67.0079
48.5987
50.2079
89.502
94.6878
44.4508
18.0127
32.5872
38.4976
27.5018
15.7076
61.7857
4.67815
94.0017
28.8184
72.3697
17.792
65.5899
8.21673
42.7283
98.2649
26.6483
39.7015
91.2868
72.0676
0.100559
1.15241
90.3854
47.9202
24.1393
67.5103
90.5735
32.1656
66.8211
75.1481
67.8723
98.4688
37.1572
8.16198
49.448
83.064
6.42277
92.8904
91.117
59.3533
53.6812
80.9022
36.6011
98.6732
88
0.316403
43.7075
0.502225
55.2819
20.4874
87.0256
22.2175
77.9337
94.8633
53.5514
39.6314
78.4612
38.2178
68.4659
76.4012
36.2357
52.2821
33.5171
51.5481
76.5085
94.3095
58.1189
58.1458
62.0669
70.7241
22.6471
25.6756
84.5862
95.2125
37.5738
49.6762
58.7716
14.7804
17.4457
15.8413
22.5904
17.2497
71.4824
81.9848
85.68
49.8161
11.6259
62.0349
88.4198
90.8299
11.0841
81.3083
90.8182
5.59428
27.6214
84.1855
85.6555
17.4549
67.3253
97.8007
22.9777
80.2264
68.7517
93.5352
84.6649
6.30504
56.6442
95.0318
93.6052
98.8032
49.341
28.7921
79.466
80.3463
24.3862
93.3651
54.6821
3.91211
48.5283
34.1196
92.0564
39.5405
57.6291
18.296
3.77261
75.6168
23.274
23.7798
43.2003
43.2875
68.1271
48.8218
53.4764
41.4984
72.6317
44.18
89.6059
11.7513
46.2695
95.5662
65.5865
42.1597
95.8219
14.6686
95.045
24.2007
19.2173
81.5772
86.4611
74.5277
15.4659
60
80.1956
96.7739
12.2378
62.417
10.2126
55.3734
38.711
36.3831
56.2357
50.9892
73.7727
3.94679
74.1642
91.9658
43.3404
8.20658
18.027
68.3582
5.48464
51.8597
10.0314
50.9988
80.4889
29.9852
16.7705
68.9103
84.5195
74.2983
98.8426
87.6503
18.7619
93.3146
1.85092
9.65146
10.3629
90.7017
60.1816
55.6842
58.5872
66.9502
80.9744
4.64094
43.3611
70.3524
34.5577
17.4026
70.6483
69.6875
98.3444
62.2814
75.7342
70.8217
63.7199
84.6242
1.58032
24.7751
4.68026
96.0205
56.481
36.3089
10.1451
79.6191
28.2867
41.2873
28.009
59.4818
47.5135
18.2494
10.2454
92.9987
54.1942
27.0106
4.9386
23.2919
4.56885
24.3482
3.14764
5.18408
74.4518
93.0146
44.854
13.6123
28.259
83.8746
12.1152
77.9426
82.4712
61.6774
89.4154
39.0109
39.6435
48.761
47.6728
45.8205
89.7594
71.5262
11.6575
16.6667
66.4905
50.1475
0.430873
57.7273
21.4117
59.6301
55.1777
38.9482
83.7906
75.2693
77.5698
6.64466
17.2924
64.9858
73.9166
12.0873
53.1518
47.5691
31.3422
0.934406
63.809
36.4091
84.0079
35.7344
81.8561
71.6111
27.6157
65.0834
17.014
61.2944
23.3007
22.9018
79.3436
22.7855
45.6763
80.1683
19.2852
66.5459
5.55545
8.81927
11.2134
44.7983
45.0857
3.37705
72.2387
19.7697
7.55012
27.7911
59.8337
10.1192
63.8497
92.0913
35.0476
81.258
39.0005
82.465
44.3044
86.1243
2.26869
86.5186
12.0377
67.9227
45.3615
61.2486
8.23495
29.3723
40.7842
74.7134
42.6423
23.7926
58.2409
73.9409
69.4271
69.8277
74.8136
75.7699
95.0786
17.3203
11.9215
70.3475
63.0167
24.089
12.8097
68.723
75.7891
63.7573
56.6502
24.1187
69.3888
71.7486
76.0795
18.1442
36.2474
34.8829
13.956
94.5248
51.9405
99.15
54.9403
21.8445
58.8009
37.9522
34.1152
69.6957
13.7849
64.8135
56.2981
66.8852
6.61389
43.5845
10.4098
90.9046
25.6702
26.114
83.4618
59.8422
77.9331
78.4087
65.387
47.3359
63.8694
24.443
80.2995
20.3799
86.0351
22.5585
93.046
60.1789
3.27674
51.0751
22.292
35.1329
73.4343
40.4378
35.3501
51.3798
30.8791
87.781
65.6023
38.7102
11.6088
60.1953
80.079
76.372
42.5364
15.7039
25.4873
2.37014
12.9931
89.0987
58.5524
56.4286
45.0472
22.1157
60.4348
80.0989
39.8073
3.27129
10.9017
24.4229
63.3844
64.898
4.58279
35.5708
43.2738
89.7581
33.2274
49.938
9.32758
22.1937
48.2071
10.5271
38.7662
41.2625
20.5305
69.9541
16.8612
96.2595
56.2215
21.3035
60.5404
40.4672
23.4341
74.7121
46.2362
37.9797
98.975
74.6072
18.4704
58.2227
3.8198
27.554
5.10625
9.8567
67.9593
34.151
2.61828
86.5563
94.0909
90.6913
80.7892
20.6843
5.96229
68.4194
74.8499
98.6632
45.2984
91.0983
72.6658
20.8428
62.4912
82.517
27.3603
60.3641
14.9942
18.6349
5.77989
70.8779
29.5697
84.9602
92.1732
37.1863
94.1637
38.1345
90.9535
19.5888
47.6852
55.8864
61.5401
22.9091
38.2442
12.4513
15.2041
47.2485
52.923
19.3619
88.8163
82.7327
85.8823
80.9906
94.1871
50.942
92.4365
90.2643
64.6141
63.7748
32.4391
59.8623
98.0995
95.3902
88.1948
99.8679
94.9315
15.2454
92.3906
98.1142
76.8309
27.3927
42.8926
68.7694
53.0403
39.3685
74.4768
39.6432
91.1438
52.9221
44.5351
83.756
38.2386
93.077
31.0044
94.9611
87.5835
45.5345
71.8857
24.8163
26.882
46.8314
54.7288
9.98948
60.4488
74.9053
41.7486
35.8954
6.15197
63.5194
51.9376
1.07888
92.6033
19.8787
57.8466
79.0625
18.5607
50.2685
46.9542
49.9895
72.301
51.3508
27.1819
40.6615
32.2246
73.5962
78.0091
24.5496
94.4063
57.8661
34.1684
72.3851
58.2695
51.4565
2.42852
81.3141
30.81
41.1906
86.0183
63.1833
99.0606
90.3257
29.4218
4.00579
8.31966
78.8008
11.3222
36.0489
71.1582
74.4529
45.5376
40.5654
61.5946
35.3073
76.6349
75.4983
44.6759
21.9736
37.2389
18.9651
6.56626
59.9604
53.0238
0.415049
18.3642
60.5307
55.4792
60.6497
63.9177
15.4375
78.0072
10.2435
20.2215
22.4045
6.22045
8.40798
69.6325
32.4315
43.408
88.8703
91.7642
31.8517
90.8002
60.9443
35.032
47.1799
39.2327
82.541
48.2501
92.9094
17.1918
97.6374
54.1588
39.3081
67.7147
99.5029
97.5968
69.806
3.59082
46.0667
5.38793
39.4513
55.4296
4.23219
1.39768
83.5144
15.8
35.8155
55.8113
93.5928
67.4605
27.5397
93.4774
45.6441
97.8085
68.8915
28.3045
0.988481
88.7467
36.5887
35.6591
5.8172
35.5801
12.6797
57.1927
23.9321
0.807879
1.16085
87.6189
15.5392
67.7689
71.4862
1.83899
45.643
84.8845
68.6768
7.0908
58.665
74.5742
40.4045
2.13623
83.9748
10.6126
63.2522
83.627
71.0292
71.7554
82.6654
91.8224
65.6491
52.3708
98.7521
98.2369
19.0033
49.8614
87.9454
9.01344
94.7069
26.8294
35.0424
43.6899
12.02
26.7769
24.1247
20.1853
4.78111
51.7578
41.3776
32.9453
56.6671
54.9047
29.1873
82.229
34.3819
25.8675
36.7246
39.2432
98.4481
7.40002
90.707
3.66628
75.0453
83.1059
82.0986
3.89565
93.7266
67.9452
65.1216
26.6242
59.943
37.0086
94.0133
13.2108
86.8201
39.3127
76.6323
18.4261
30.285
33.4589
69.7022
37.1688
87.1665
96.7905
88.3119
88.7224
35.3346
10.3429
66.8624
16.2186
25.0628
4.56634
10.8362
37.8908
4.86127
73.1972
25.8625
21.2758
78.3818
48.808
91.3935
12.8548
88.0064
35.5409
73.927
5.94188
68.0593
8.4591
37.0989
84.9971
61.6942
53.119
45.0339
54.3035
83.9275
47.5298
70.3243
27.0634
52.9345
68.133
18.1296
92.5923
25.5114
62.5766
95.7918
58.2335
30.3997
47.916
66.5395
61.2396
82.7844
60.2278
68.2926
22.6261
53.4657
95.355
92.066
91.7348
52.0712
64.4036
45.9047
92.4967
46.1131
96.5706
66.6689
14.7143
89.5701
43.8241
1.63665
98.5427
59.7236
50.9805
21.9292
78.3251
77.2636
8.89005
18.2969
10.1611
49.981
73.6449
25.9015
88.644
5.68096
64.925
0.762963
94.1779
86.7434
61.2518
64.2635
7.375
87.217
89.5979
99.7296
5.48227
81.5237
37.2858
40.4501
83.1538
9.84926
8.74329
31.3756
17.5875
39.3262
33.12
52.9731
29.9599
90.4253
85.3143
79.6685
84.6083
10.4809
49.942
86.6945
40.1799
4.3405
25.5584
35.8708
41.9366
81.9097
56.4565
52.1329
33.1471
94.6702
75.6517
58.7085
20.3884
83.0662
84.4897
65.6718
77.0355
53.5626
15.4267
80.8151
40.3882
2.47312
8.41395
65.2206
67.1395
85.1591
12.8494
15.3231
3.61935
68.8904
51.6231
10.8485
54.4824
74.919
99.296
87.4025
87.9171
44.7511
13.589
3.53139
80.9112
68.7806
99.9864
64.7548
83.0538
26.9479
10.5883
52.2984
28.1535
50.3533
10.7483
55.8117
17.4403
44.839
21.2719
13.9646
43.6792
13.0469
98.2466
41.6244
32.0902
56.4609
26.0059
34.716
97.3129
74.6642
94.5033
68.707
88.9697
50.536
13.6947
9.61022
52.4044
84.6434
43.8243
85.2941
6.69747
47.7483
51.1035
33.6464
32.5155
38.0839
64.0819
18.6426
94.4199
40.1416
58.5201
97.7618
22.7061
94.1281
72.2759
85.6211
19.9142
99.0153
54.7281
80.5091
61.1075
98.6809
29.9756
96.1756
42.425
89.4579
19.939
35.7629
0.891413
95.8309
29.1735
88.452
58.1341
79.8272
17.1668
67.7104
52.768
25.7646
1.29156
37.9932
4.2715
72.43
63.8747
52.4366
35.3041
42.3091
85.136
19.0382
34.1336
70.345
81.2951
83.1859
77.339
45.6258
41.3737
7.30344
90.4268
4.9842
43.9869
41.6521
62.0168
73.734
20.2013
12.9778
22.8551
53.1997
2.35051
8.72348
75.2287
22.2925
36.4065
65.661
5.27341
86.8342
54.379
58.757
84.0422
92.3759
73.7344
89.6059
38.595
46.9454
6.47773
85.1849
17.4802
74.896
72.0061
93.9496
96.469
71.1102
93.1105
32.8857
20.6387
10.0214
84.6618
69.1526
3.70811
80.7263
57.0454
43.6422
82.3982
69.3195
15.4509
74.2696
38.1319
56.4345
60.126
62.887
41.3549
7.58584
25.7071
48.5503
46.7946
78.9174
61.1557
37.8671
29.9939
67.1564
20.002
11.5952
49.5368
23.1953
69.7065
5.70384
47.2597
53.4515
81.1385
6.37529
86.5767
11.3611
61.5272
39.6496
73.0464
90.1526
71.4411
64.4992
32.9073
43.0988
12.9984
46.4587
22.4274
81.5997
91.3972
2.6906
23.4731
39.4917
98.4409
27.571
31.9855
68.3305
77.5809
97.8994
17.9399
96.2721
44.6589
46.3444
81.0899
52.7808
28.6221
33.7642
65.6948
40.9689
78.6246
78.1278
2.77772
37.4376
94.7857
25.6319
69.278
52.3193
23.0595
75.6979
95.3124
68.7793
90.9024
88.3959
19.8806
12.687
90.3552
25.303
57.9143
11.3008
70.5605
66.2801
22.1071
7.73438
32.9494
1.39985
3.84426
96.34
53.1363
55.487
84.2216
15.4645
22.6649
13.5766
36.661
70.4899
38.7183
76.7228
65.1568
13.4076
33.4369
21.5084
37.9288
35.6213
93.6632
3.32649
39.6191
70.4438
20.032
43.6
7.36574
87.4937
0.560917
91.0942
89.5807
35.6834
54.8402
32.7023
23.2657
84.9441
56.0906
58.0888
59.7588
15.4269
97.1408
74.7418
34.7189
3.97029
71.1527
46.373
63.5645
89.612
98.8801
60.4869
88.4757
92.4624
19.4816
76.9019
90.1929
99.3081
91.0571
69.8027
12.8093
92.5477
73.2753
90.0543
65.1285
23.3171
40.7176
16.1318
72.2411
96.9295
71.5974
41.3579
13.643
80.6102
84.7216
74.6937
14.3909
75.3388
76.4647
6.04718
62.9698
99.3991
52.0407
94.4091
37.3852
35.4705
4.82984
71.2246
93.1181
61.5294
87.8109
9.26233
27.5926
89.8542
70.6983
42.7121
55.9433
64.5283
62.0821
28.1555
76.6243
6.2618
73.8058
0.591873
34.3418
71.8196
91.4177
18.6268
95.7016
45.1217
76.6464
2.38652
82.3329
29.183
18.2052
44.7587
78.3784
54.2953
19.3189
80.8724
75.5777
61.5923
54.5546
76.5504
58.469
18.9325
18.0939
82.5556
76.9539
49.0924
55.9675
14.2136
57.9767
14.652
5.53606
76.6979
75.9705
98.1601
94.1191
91.5179
7.21973
5.40953
58.3118
76.4478
44.9451
49.1573
91.8719
56.3289
71.2186
75.1835
81.262
69.6715
95.0453
25.686
44.0476
30.3272
10.0819
86.0646
15.3394
28.5531
29.2706
19.559
58.8941
96.0941
35.4039
23.3703
90.6411
23.8649
24.8477
57.9554
68.6907
24.8259
98.5339
51.0072
13.8028
33.2549
53.2221
67.6325
28.8854
18.4338
85.9123
85.5365
72.1028
61.4776
35.7895
12.7965
91.5879
80.4372
38.1077
25.4351
86.891
74.6074
33.2938
74.9804
52.2498
61.4804
29.1041
82.2148
15.0381
84.6288
68.1364
66.1887
18.2883
26.3552
68.5584
96.9827
73.5588
50.4916
96.5604
44.7318
71.7343
52.0541
74.2218
52.4693
20.6341
98.955
41.4544
84.0706
29.9763
4.20165
82.2829
14.8987
63.2545
81.852
1.35398
53.9396
91.6153
65.6054
44.6721
76.8884
0.745645
30.6864
46.9476
4.99711
32.7827
79.9212
60.3707
56.548
19.4176
36.8985
67.2513
96.9072
18.8455
62.4643
5.14304
33.1381
75.2788
95.7742
50.7609
86.1753
33.7296
38.913
96.3208
50.1622
98.2817
35.9464
26.7877
4.49327
91.7045
99.0375
86.2975
63.2104
73.4214
29.8137
6.64301
32.7869
84.3529
88.9992
29.2002
2.73136
13.4009
78.8486
10.7871
67.4115
82.1736
60.4204
64.7771
7.6462
21.9506
56.0929
50.0481
68.9476
62.0458
22.7388
46.002
89.5909
87.6841
59.7952
39.9327
80.4318
34.3721
81.8392
93.9528
53.8194
30.9839
10.2357
98.1086
26.1795
65.8143
60.3513
1.23699
77.1383
25.1056
38.0416
57.2418
66.8246
65.2232
66.6825
32.2877
53.2165
74.6126
74.311
45.5425
32.1524
3.75345
49.3675
60.1297
54.4965
35.4252
89.0676
9.51293
32.4673
66.5597
86.2317
4.24564
45.7029
67.7284
52.1021
90.5182
27.2962
83.0591
35.3401
15.8336
6.2216
15.6187
1.25198
47.6225
55.0159
32.152
87.9493
86.7615
53.0588
47.8066
69.5846
23.4081
80.4921
60.7185
16.3688
62.0617
3.53013
12.8588
61.3639
13.5419
6.98303
86.7319
67.9075
43.9814
44.5048
19.8847
30.0629
32.7781
18.4353
36.2863
81.1216
69.8065
60.3822
85.6413
51.3345
42.8173
64.5182
14.8694
66.3452
27.5504
84.8655
13.9105
26.6824
35.7015
52.5147
5.98762
19.9391
52.0601
30.076
86.4656
42.9239
11.36
92.0667
68.9186
34.8092
46.8902
55.8496
66.5517
84.0493
45.5254
89.5841
18.7208
19.5661
87.2629
27.1314
75.4274
55.4165
54.4985
67.3865
45.7846
7.10351
89.4648
1.68998
57.6756
93.4577
43.1315
27.9285
4.74803
98.1066
68.4621
96.1895
30.0972
8.9352
65.9119
58.3881
84.5096
59.503
11.0754
59.7182
48.0779
54.7124
83.13
86.6318
87.2895
66.2136
27.9597
94.6989
79.3295
37.2372
97.903
16.8447
94.7507
35.4013
40.1984
87.7372
62.6218
90.0713
87.9101
61.0566
1.84088
68.4452
85.9777
0.342446
7.69835
62.6506
45.6278
62.0317
63.8338
24.5873
37.63
27.1143
80.7072
83.9981
64.7876
91.2109
53.9142
85.5663
79.9349
28.1497
2.4578
72.0957
70.9623
47.2307
30.7823
43.5778
17.3171
56.1659
47.5332
51.7531
11.023
2.055
35.769
45.2181
53.9231
66.7472
91.278
11.4037
14.9251
41.0293
9.40486
15.3733
36.3536
37.0057
68.8698
4.36688
74.5404
62.6655
37.8198
53.4943
21.5937
98.1563
51.2818
68.1322
62.5852
39.4451
34.8097
53.7616
53.0305
23.2744
31.679
14.3803
67.0488
20.689
56.9625
21.3735
90.5013
29.7651
39.3318
66.9646
14.7514
27.5135
36.258
34.0398
33.2971
34.4155
80.1977
67.5709
71.7224
55.5025
84.8259
1.00598
3.17153
33.3776
76.0154
70.9521
39.4094
9.49705
51.2514
2.36592
97.1898
82.0751
86.8978
28.9738
24.1214
23.8711
65.1047
52.9937
49.6195
72.4777
36.6738
98.523
8.34554
60.1894
16.0853
71.0962
91.0804
83.6161
14.4584
98.2842
67.9489
9.11645
49.5219
41.4856
34.4667
29.1384
17.1477
81.4009
63.687
86.3034
33.7132
39.9302
59.2157
58.5767
71.3017
63.8412
64.8394
45.9307
95.7563
28.2295
64.6649
64.3759
44.2959
76.5934
50.7002
4.71854
5.55987
14.8241
92.7145
35.918
38.4576
42.4767
14.7806
35.2364
65.6052
56.1276
36.3714
99.3928
70.2814
5.69362
63.7027
23.1456
41.1909
19.2821
8.51737
69.5548
18.4408
30.7967
46.5876
3.7673
71.465
58.2672
22.9354
39.4737
53.8778
84.1972
34.2544
77.998
10.4977
25.1028
89.1602
8.24312
4.88483
6.44462
95.4645
80.7176
74.6943
33.6625
36.5701
69.4852
3.76343
82.647
21.8908
4.77343
96.2736
50.8124
64.9102
51.32
20.2686
42.8576
9.65982
90.1671
5.41783
74.385
34.0309
28.2619
11.3561
44.1986
47.1896
44.5765
32.5947
1.1285
8.21206
94.5375
42.8736
99.4096
65.0572
66.9259
31.7709
96.6584
50.3962
65.1052
54.191
62.0459
31.4905
31.1914
56.8434
10.1137
11.5505
88.6144
27.8582
12.9718
38.2747
7.81166
94.0682
91.7924
90.5853
79.531
78.9719
36.216
25.1316
77.4467
4.11952
77.3907
28.1388
37.807
92.5772
10.3292
18.9197
51.4944
79.8213
99.2555
56.0451
77.7676
33.675
52.6776
70.1882
89.3962
48.5215
93.9113
99.3506
30.1171
5.52791
42.9538
23.7282
43.5797
11.2002
17.2046
86.5913
39.7462
87.0878
79.1591
57.993
20.5478
83.3716
44.5737
68.736
21.9999
99.3043
59.2779
89.4253
39.9637
50.4514
37.7862
15.8259
22.4617
90.2538
95.5167
49.7613
27.82
57.1365
6.24042
19.0235
80.1471
5.29424
87.8192
44.5756
29.7845
11.4019
38.2517
66.062
71.6575
95.0277
73.6151
1.5896
18.07
54.0111
39.497
48.1888
44.7514
92.3475
47.5415
40.2616
41.9996
64.8942
47.3327
78.7482
44.017
36.1236
80.7435
40.8492
50.1471
39.6661
47.8908
3.19869
16.5035
67.3716
14.6436
35.9998
4.91763
77.8592
1.37684
90.0671
35.4292
55.2761
92.968
73.6224
39.4932
25.5922
61.3936
55.8637
77.3442
99.2353
54.2254
10.3838
71.744
50.8972
34.8934
68.4855
36.1883
71.5804
17.3513
81.7944
78.4578
32.3751
58.0525
46.4012
73.3925
58.9088
69.5628
26.6724
32.5973
0.661699
6.33808
61.5053
97.7719
84.7013
29.7168
83.9011
99.3944
94.5775
16.0731
52.434
46.9796
24.4146
51.4328
86.7002
44.2623
55.2836
89.0326
42.8241
49.5683
21.1839
92.3833
52.4213
23.898
92.8143
70.6832
96.6822
81.7235
39.9216
76.3292
64.1344
29.2615
9.63804
62.7615
65.5576
51.3287
31.9488
3.43095
0.502066
71.8791
40.2178
58.4695
1.54191
83.4671
84.1001
42.9814
23.9972
24.912
92.2571
13.7548
61.6289
97.2128
29.7065
7.50565
79.8518
52.5335
91.2592
23.0541
86.588
81.5894
5.31686
99.1702
18.3727
94.7893
73.2435
71.9009
12.3464
71.1418
51.4662
0.957169
77.7435
2.48351
23.0911
43.3177
49.8214
17.9026
54.8313
11.4618
1.12138
18.4051
51.189
91.3418
1.05585
69.3191
64.6199
95.1884
6.82676
16.8714
13.639
76.1808
40.0427
79.7913
11.1996
85.2491
59.9208
86.8497
84.8147
42.5754
87.8954
93.5182
74.373
22.2383
17.9337
94.7491
34.5746
29.2521
29.0637
46.2271
27.3272
48.1351
42.6873
75.5502
47.3176
30.562
47.8448
45.3658
60.6815
7.68246
18.8574
25.704
19.4745
40.8381
55.5765
30.0692
55.9365
51.9629
70.2102
69.3566
39.6816
48.242
64.851
11.462
37.1185
27.8582
59.0059
36.199
3.79462
51.8025
38.9574
80.6746
72.2557
72.4574
78.8918
27.4578
61.7292
45.8761
83.9896
8.46089
14.912
12.9269
13.9864
32.5316
50.5388
30.6083
51.3134
29.8369
61.7926
43.223
72.4769
90.8344
31.1323
82.2628
8.21983
11.5526
36.7731
63.7281
85.6197
9.90935
5.88389
48.9549
64.576
36.815
26.4881
22.8277
0.0653208
49.0922
87.398
61.2651
14.2202
3.57625
14.8772
86.1108
19.2429
42.9642
73.2603
30.5469
78.1968
46.9598
10.4132
54.0635
35.3236
90.2768
87.1786
10.831
72.132
72.1272
72.8516
7.6819
78.4302
23.036
64.3256
49.7149
79.0873
34.2271
66.1625
8.93051
97.7359
12.5608
37.2955
30.2109
64.9114
17.0037
6.01239
1.09338
46.8399
3.25507
85.588
77.8759
75.9969
77.7641
91.9569
18.2005
30.2413
74.7085
68.1823
49.4486
17.61
46.3882
41.5711
58.423
41.3113
87.2044
89.5295
89.9711
17.542
63.6644
10.0751
94.3705
76.6959
21.1611
63.6656
34.0761
58.5793
5.30562
35.0714
20.7871
32.4362
74.1379
89.8068
72.3899
39.4177
70.22
61.2969
29.9779
62.3064
25.0986
56.1275
69.474
83.1374
84.4456
54.4095
38.926
54.82
67.7987
67.8325
90.0033
9.36839
88.0431
45.6143
16.8282
79.687
42.2244
28.6653
41.8289
16.3513
28.1312
75.5787
89.936
29.2935
88.8991
70.9587
30.2058
65.9003
72.825
35.4615
37.3393
75.0433
14.8748
21.2835
82.4344
83.3754
22.9585
46.2126
60.5264
69.3962
65.9441
88.1014
97.8563
76.5162
19.1203
49.0286
85.3644
60.4233
7.09097
98.8842
21.3752
30.1674
18.4033
16.5827
1.87432
31.3085
63.4383
69.9075
12.2616
10.829
47.3956
97.763
31.432
1.82956
58.9669
13.7985
11.7063
46.1588
82.6593
18.4163
22.5413
86.1085
65.0024
76.8672
14.6835
12.6339
75.9249
80.7086
77.9597
64.3939
88.4209
8.34406
80.6417
5.22484
44.5576
90.4264
82.7888
91.3383
25.5212
86.5126
31.7746
74.7676
27.1253
7.14138
13.3231
1.38759
21.835
44.6233
12.4143
86.7858
96.5273
11.6105
39.9459
93.9215
40.5712
33.4209
20.7616
46.3412
18.5813
63.9084
33.4601
53.5152
88.5726
20.3725
26.6079
22.2138
3.05359
17.7789
50.0555
54.665
18.3961
90.6491
69.0343
26.5528
42.4647
56.97
1.25317
13.6145
9.53764
71.0452
30.281
64.9958
80.1653
0.376949
74.5729
36.2815
75.0904
49.1224
89.1026
45.5567
48.8137
47.2137
10.4568
51.7573
94.8262
64.7729
34.1912
42.5711
18.8765
37.6995
95.2578
55.4599
3.52491
10.2836
30.4525
36.1338
26.4183
34.5692
83.1865
60.5978
74.8053
36.953
37.522
44.5711
53.8883
12.2326
50.1621
39.2623
69.0363
8.51984
66.8112
51.2362
40.9372
58.0106
32.6476
75.0022
57.4661
43.7479
62.373
2.12895
14.1508
38.1073
66.3678
59.5399
69.6128
83.552
86.0042
41.5187
86.1208
37.0904
61.0806
9.30478
85.9701
40.9603
77.3156
78.2358
64.0784
19.0312
33.5431
68.9318
16.6832
28.7043
72.8038
33.3139
81.7471
20.8375
29.4883
54.2168
39.7474
70.2735
47.4158
66.0592
55.5006
83.2371
69.5479
52.496
0.697915
51.6458
72.9388
33.7589
87.6802
99.6136
17.1535
2.77027
48.3065
90.5123
23.4461
98.9158
75.5174
38.7317
77.1901
99.9607
66.5189
77.9724
76.4051
23.2282
47.5399
32.7511
72.0881
22.4773
16.8563
93.118
78.4481
61.2596
22.8431
69.5959
17.6284
17.7512
6.24885
44.8028
76.8854
10.3457
3.27291
63.9856
77.6039
24.0098
50.3461
29.7736
40.3512
17.4505
63.091
75.5722
86.6483
56.2693
32.5006
40.2839
1.36623
61.5775
31.1073
32.8539
64.6898
23.1665
77.9471
0.466595
46.5602
94.3186
70.7636
61.2378
48.8047
47.883
36.7828
37.171
60.9156
62.5125
56.8533
25.2657
44.5612
6.35572
89.332
73.9763
66.8891
0.589888
0.410626
66.6046
78.8905
71.2124
11.9649
26.5601
0.61982
65.597
20.5425
83.7733
41.5726
64.8809
90.6609
31.9766
70.669
6.19874
18.3602
9.70292
19.8663
82.0678
27.9124
92.8184
96.1922
49.1198
68.3581
32.411
0.245097
74.587
15.532
44.668
7.77043
34.4246
4.03861
92.0981
25.5355
93.9011
26.5443
29.9065
22.0095
10.9965
44.9131
73.9559
54.4383
17.036
10.4639
86.431
72.2285
7.84655
70.0884
97.3162
2.6884
80.9244
77.7234
49.2284
4.48584
69.0798
12.7845
92.6324
61.4072
98.9751
58.1868
83.0073
96.7888
65.7681
24.4188
98.2577
22.2108
23.2478
18.9953
28.0636
91.9513
93.074
45.1273
31.6943
25.4628
81.6457
55.2366
94.5831
77.7285
58.282
78.5527
85.7442
82.7937
71.3774
6.13138
99.4246
92.6557
29.6015
69.8937
39.0495
97.1309
7.82729
18.5602
28.6714
43.5413
37.2523
36.3021
21.4308
16.4479
48.4516
73.3343
38.677
55.7785
26.7561
19.6902
7.21561
14.3611
51.3981
69.7933
26.823
20.9749
18.584
68.1103
62.3102
45.1219
72.2715
30.26
32.6734
1.73579
47.0228
57.899
63.4851
27.2086
26.7731
70.4155
23.7258
55.8551
41.2647
98.6045
13.1698
14.8046
49.1967
1.39619
54.7536
42.2525
46.2305
0.142458
97.6952
87.6601
29.0008
47.0868
36.4616
79.106
53.4972
24.6964
12.9418
17.3192
0.235558
38.1268
80.3927
93.4828
49.5873
11.3854
47.1817
48.9929
0.42603
67.3738
91.6907
64.4639
66.6151
70.1975
66.1256
31.8611
69.9955
14.6979
0.0886682
58.7304
35.8447
93.6937
71.5624
9.55745
14.5239
94.0152
17.0815
34.8076
4.9322
63.9639
25.8205
89.6542
14.6112
65.2458
75.5576
63.1137
7.88084
32.1509
17.9006
41.7384
67.9103
88.057
69.3585
0.983894
63.9112
97.0141
41.3606
38.5809
71.1928
44.8936
9.88351
7.19284
57.2251
72.0963
43.362
46.3727
44.347
31.8168
33.693
24.1235
72.8624
26.7293
27.5298
36.7843
27.8248
70.6238
71.4659
39.0732
35.6887
71.6103
87.4521
21.3699
91.4986
21.994
23.6287
1.40224
74.5404
59.8743
49.9011
14.265
6.89441
6.39128
93.1086
88.7742
50.1233
12.6763
77.414
88.9278
38.9582
52.2103
92.0976
88.2113
98.0253
46.7689
57.3961
4.55316
7.13675
33.9065
62.1128
92.1155
11.7016
74.1819
89.12
82.7009
27.8264
17.3035
34.0269
30.7728
8.34686
40.4851
58.8423
23.2941
1.0759
54.7725
38.6345
63.1072
70.3596
41.1813
76.3074
72.4541
92.225
41.6036
88.5281
43.0007
39.9067
81.0254
55.8244
44.977
64.6517
21.2703
97.3188
79.7372
74.9356
53.4233
27.6548
53.147
27.1737
54.4243
56.8913
2.90299
86.5267
42.2381
98.6742
40.1979
94.7607
43.1991
92.765
23.6752
61.0194
45.6586
48.2537
30.7495
38.2384
27.4066
1.65685
1.48506
86.7251
18.3133
62.9215
0.978162
62.2575
27.7034
66.3949
53.4428
60.3993
26.6709
45.2497
24.9887
94.5807
25.269
81.2999
5.7169
98.9101
26.176
54.518
67.4017
87.15
77.7667
49.7728
59.3206
59.8382
61.8405
11.6232
8.50671
31.2859
97.9902
41.0335
44.2141
13.002
85.0989
90.8607
92.7617
68.0008
40.7349
15.7553
99.2065
22.2988
87.1565
54.2644
78.1184
91.5907
51.5784
96.0065
74.6205
24.983
68.7541
19.3222
23.6312
62.0347
33.394
1.92727
20.9105
6.77707
85.4105
84.6248
14.9973
90.2086
80.8521
1.60178
84.0066
78.3698
87.903
54.9216
9.91269
25.5299
79.4177
85.6622
38.3861
58.964
92.0708
90.794
40.1156
57.2766
20.2238
27.2793
36.303
39.8023
70.6937
6.0357
16.7411
86.9743
72.5933
78.4079
98.2528
0.543389
90.6412
76.6476
59.2034
79.939
27.3968
79.4022
69.4576
75.6237
90.9413
11.0096
62.4182
9.23993
73.4239
28.4848
4.79258
19.0013
67.8917
6.35349
5.51853
50.9509
41.2824
69.9927
36.7333
72.8509
67.3542
44.6187
59.204
82.3947
12.0077
44.9482
81.9239
22.0462
19.0679
13.7102
71.7185
96.6173
75.1406
9.12756
5.37401
58.9417
54.6982
87.8263
70.2921
75.9536
13.8309
96.2053
17.3216
66.3483
6.37285
99.6088
39.8295
48.4266
91.93
73.0037
27.7876
85.35
51.7089
30.0254
41.9807
38.9893
9.46511
38.1477
48.3496
89.097
48.5203
3.35605
26.9001
30.4306
20.8883
45.0554
16.5983
16.2158
99.1799
29.096
8.79269
56.598
36.8633
11.0005
26.7944
86.7665
41.5091
81.4615
87.6913
72.9081
49.6775
18.5747
82.1986
52.3028
6.33834
69.4473
67.5692
86.7859
88.2158
66.1396
54.0089
90.044
26.1542
76.4311
82.2793
15.2771
90.7208
93.2704
12.0485
62.0676
29.023
49.5562
48.6334
20.5557
71.3836
44.4899
4.46243
95.6696
58.8542
77.3626
61.0065
80.9313
57.9629
89.6159
99.7136
79.7546
51.5907
84.9098
96.6064
17.6818
22.7688
30.3908
89.1451
57.6036
47.7476
64.792
79.4585
43.2315
21.0501
84.2256
37.8707
28.0228
31.8059
0.119794
89.6159
67.918
61.7965
36.2407
18.5028
58.4052
84.073
2.99734
72.2831
58.4673
10.3379
46.5424
88.6172
14.2034
16.7892
38.9431
77.2193
15.9591
5.73178
98.3849
77.1227
51.5089
1.17435
15.001
64.9089
91.2157
10.4533
31.2296
84.7009
8.73516
70.3476
50.0216
7.74948
2.29537
24.6892
72.3523
18.7797
5.92292
38.6226
31.8048
45.1828
62.143
43.609
30.8451
66.8415
33.4147
80.0098
61.0308
39.9211
91.5567
37.6444
42.3812
43.2953
47.8879
26.1737
99.915
87.8546
53.7205
66.7391
85.5488
35.7089
18.0941
10.7469
81.7804
59.6655
57.0456
47.655
62.3159
58.8507
30.3325
50.3255
13.8024
14.1296
75.652
47.4187
93.4304
42.2071
90.5097
59.9772
84.7496
85.8538
92.0766
24.0537
15.3284
62.7724
34.7437
66.3285
96.8799
31.5181
0.0903096
5.48473
37.5127
14.4505
14.9935
13.9718
23.5448
76.5164
66.4874
42.8653
55.6528
72.2619
13.5044
41.0748
66.2746
43.6028
11.3559
49.6378
77.4064
61.7503
44.4672
12.4698
8.63508
40.9372
59.4677
89.8152
21.5024
85.9506
74.0227
23.3394
70.93
99.2688
11.7307
52.6528
68.5949
43.7208
37.4643
3.72361
58.0828
49.66
83.9749
95.5227
80.7672
84.5713
46.3706
73.2817
69.5406
78.8942
81.6191
68.0387
60.822
1.57143
19.2229
7.45012
52.8885
56.52
77.8892
64.5019
57.782
38.6135
95.4339
88.052
92.7765
7.355
25.1419
61.8609
56.641
96.9784
76.1777
67.7476
53.7559
15.154
26.4402
47.3629
71.8049
6.79649
32.2191
46.9251
19.787
55.2026
14.6942
72.3138
43.5396
47.4378
15.758
20.9929
58.1985
20.0737
41.1015
15.8823
64.9174
82.5926
75.0461
50.8763
2.89074
80.2133
20.9466
5.48809
78.7535
63.0954
69.7603
76.5355
22.722
4.90701
31.706
25.2441
67.4553
83.4423
24.9197
20.1319
74.1619
1.97471
93.2574
75.8723
87.2027
66.7562
69.3815
85.1009
15.4003
41.0424
43.0499
34.2959
30.212
22.062
13.4792
99.1289
66.4189
14.1119
33.4744
21.5142
80.3614
34.5788
64.0581
79.8643
29.5668
20.7925
23.4606
7.30028
24.9675
71.2141
55.1787
16.4528
52.5454
39.3043
70.0037
34.5747
39.8842
96.8987
8.02604
74.2014
6.22734
91.1249
19.526
21.5235
73.7451
35.0122
66.8709
63.2289
24.6716
93.0694
92.3626
39.4566
55.9937
46.2126
30.066
0.654265
36.9174
24.4176
93.5155
29.0583
81.7781
4.80532
38.0697
8.26184
43.6426
4.96034
58.185
12.1217
44.8247
84.276
19.8214
19.8033
97.7276
34.4658
55.5494
79.2336
7.12169
97.3187
31.1072
76.3014
19.617
23.545
5.50754
86.894
8.95394
32.2021
16.7228
89.2567
98.8677
1.14241
32.98
89.6985
6.41412
86.375
71.8401
92.8465
82.4509
93.4934
37.8492
98.6632
31.2145
51.8737
5.48162
51.6658
29.4811
26.4757
7.08072
60.6436
21.1392
71.614
88.4203
56.8995
28.4957
45.434
65.4284
3.55677
24.6826
29.9087
76.0612
42.38
27.2559
47.5762
57.1364
62.7114
39.4978
72.0256
86.8349
18.1931
11.231
10.6381
17.1608
63.5196
95.8022
92.5648
44.2029
14.464
34.5884
41.4412
97.4356
45.8762
49.6556
62.5314
38.5863
25.5052
32.3055
60.963
28.9152
75.9325
76.1203
12.2567
50.7277
36.5131
40.0176
74.6832
1.56014
91.767
96.3245
37.3222
79.7557
76.5449
38.0562
0.723553
18.3985
27.2009
1.2038
24.9258
89.5408
73.0277
48.8702
58.2299
33.4012
60.1624
77.9322
14.9507
37.4333
5.55707
39.8534
70.9096
98.2439
45.0718
8.74517
51.946
88.745
55.9426
89.9081
6.28721
17.7903
85.9237
21.88
15.3927
84.193
35.3459
37.2764
40.0034
81.01
4.21722
58.9677
24.9405
88.4816
78.1445
38.2813
0.4714
2.45129
72.6877
35.9617
61.5297
78.2963
86.8827
87.267
74.6619
62.9459
49.1166
61.7202
44.9949
94.368
93.4467
49.5546
50.4702
41.4006
45.9254
1.40315
15.384
54.1774
69.4018
14.8382
41.0583
65.4852
65.3036
30.1683
82.7406
98.5429
32.0582
18.9555
29.4914
27.5125
26.883
96.6894
11.7498
36.0912
97.504
78.4749
21.619
21.8927
82.3116
47.5669
36.7199
79.347
6.69467
38.1835
74.2114
71.794
92.7908
48.2191
57.0574
75.1973
44.8695
27.4585
55.9491
80.512
19.1265
15.526
90.1505
50.2676
11.1393
91.3113
23.6865
88.8451
53.2177
41.4735
34.0003
97.3693
3.91446
51.4727
63.7173
76.6829
7.17443
33.6357
77.5548
98.6334
29.2535
60.4954
62.2694
92.3255
3.84089
4.10235
50.746
53.2311
9.91869
11.1363
66.7381
88.637
66.5476
43.6243
8.20567
68.8742
50.6547
65.9877
66.6814
64.8517
30.6694
94.6559
31.4508
77.248
64.1451
15.8801
40.4662
46.7423
97.677
24.8698
19.3881
41.1675
57.1938
77.2154
51.5251
47.4033
20.9119
34.5454
67.3307
42.0491
94.5642
55.9109
75.0021
74.961
90.3689
47.9806
91.7782
18.5265
29.5282
25.3551
95.5137
53.4521
2.61119
57.3611
16.7599
93.3879
77.7991
35.5363
30.9654
68.0477
95.8913
25.7328
15.5601
44.8341
33.3846
36.3425
13.7143
60.0004
81.1758
27.5698
3.35959
32.1358
64.3888
3.79381
51.2821
16.96
14.6936
75.6543
48.3573
8.69123
3.19779
51.9726
53.274
51.4721
62.9188
96.2261
21.8872
84.4075
39.4348
37.6667
16.8627
37.8241
64.9844
68.7515
52.8475
69.4807
42.691
68.1198
70.4027
84.7588
26.3049
39.4976
26.2886
82.1019
69.0778
53.8559
48.7034
81.7589
6.47986
27.0859
56.05
12.2067
0.644378
7.80138
83.5327
38.4834
26.7383
33.9916
28.4484
14.0192
65.9573
65.8297
78.5284
12.1477
96.5749
42.0345
38.5909
53.1398
39.7697
47.5476
85.5327
35.6975
36.7271
11.4663
0.790361
70.5821
90.2995
44.1754
26.8654
76.0365
82.6475
54.8944
75.6367
61.6649
41.6512
58.5399
47.1897
48.3071
76.2962
46.9268
80.3583
97.9728
88.2862
64.3425
72.8373
21.6903
65.9179
40.7388
18.9688
76.1883
48.3787
1.96396
84.3862
60.1237
61.7097
5.99567
69.5359
26.674
72.2594
22.4454
64.5769
80.9043
60.8243
31.8788
79.0796
42.9324
49.6643
37.9119
4.44021
68.8652
60.5227
6.76717
62.3225
23.1512
63.4721
55.6149
93.0976
26.6141
91.4104
25.6845
37.2835
28.8175
78.2895
50.6539
27.0218
43.4398
35.7686
69.5142
66.0551
76.6988
43.8905
66.3554
22.7091
59.5756
36.4874
22.0322
78.154
54.0221
37.3812
20.3679
10.5656
20.9791
13.0775
34.1289
79.9151
84.3999
21.375
94.0177
94.3803
46.8311
86.8655
43.2968
61.9241
94.5179
72.089
43.6662
74.9715
84.6963
26.3461
84.2295
22.157
17.6546
48.5543
24.2278
27.6701
33.4146
46.0722
87.5756
25.0907
69.6488
57.9427
99.0638
74.513
60.4742
68.6732
80.8244
55.1437
14.0687
55.2364
72.3217
96.0107
9.81789
26.8099
96.827
1.36771
84.4562
0.370469
53.895
48.4372
72.6794
58.6215
68.9327
22.1794
32.8214
57.9829
58.8428
13.1877
98.4523
33.9706
81.4002
22.766
69.0306
79.1702
55.1335
55.3051
57.4895
71.5381
15.631
24.162
8.31419
68.3441
49.0966
12.9395
88.6209
90.7461
1.83545
72.2254
97.7018
10.7548
21.6091
38.1794
7.95907
67.3632
26.263
78.3594
53.6185
45.9823
6.5684
82.7916
86.0526
3.92515
65.1905
40.6906
21.0924
28.6129
40.2944
22.1426
2.37513
8.85378
37.6008
34.773
29.2375
91.8302
64.8674
82.306
96.8133
42.085
55.6665
99.3538
32.8761
24.5655
83.474
62.9159
81.9401
71.7683
18.8055
64.4816
74.5823
97.8021
64.8118
70.0551
20.4932
79.9587
53.4775
43.9538
61.6008
82.838
75.4848
27.4872
32.8633
41.4124
27.972
73.8271
80.669
31.9205
26.3819
87.3794
54.1114
21.1024
35.9453
80.2124
51.6722
8.4682
81.8861
52.6574
0.469188
55.584
36.5081
34.58
12.7204
24.032
91.6375
60.0198
22.187
55.6403
34.8749
11.3708
26.6264
16.5276
98.5872
44.9317
69.5569
12.4923
28.6657
69.4325
43.8886
25.819
82.0115
55.1682
5.19054
57.0415
28.9577
83.3263
27.3515
97.5713
98.3902
16.6528
62.7001
58.9314
11.16
75.4436
45.9081
87.3083
96.0883
24.2802
12.2751
13.0061
74.5799
65.5975
97.9218
85.0059
72.042
39.2617
89.2915
70.1654
76.7046
32.9968
65.8178
13.1312
73.9791
1.57156
4.13673
47.7907
18.7293
33.7733
2.3743
56.4354
5.94826
7.16903
92.1643
45.2316
77.3165
28.995
47.6248
26.079
60.2298
63.7386
43.3442
72.467
49.313
52.4328
61.0142
40.6979
41.2716
74.6404
60.3976
45.9969
41.9144
79.6905
92.4644
59.7511
93.2704
82.4036
83.7625
74.6831
36.7734
92.2874
9.06091
56.5516
38.4174
40.0842
77.598
93.8825
81.2747
24.1747
20.2179
16.7404
68.5149
22.7349
39.6548
3.61437
77.209
26.9391
46.665
87.4687
8.67309
84.6639
10.4292
72.3416
19.8839
2.52066
63.749
31.6085
45.4027
80.674
74.244
18.5211
76.8662
73.2586
28.7468
95.93
50.2351
20.0245
94.8623
19.4912
36.0298
67.6626
88.5462
74.2397
30.1015
96.6745
18.1159
47.6126
0.577161
32.0971
53.1327
70.4744
12.5931
0.90983
9.07986
95.2443
3.20818
54.8858
91.5522
17.4388
64.9682
30.5782
64.543
8.23106
91.9034
78.0436
1.17337
11.0908
2.24412
73.058
11.8335
93.5581
86.8332
91.6437
1.22017
15.6543
8.70691
31.8869
2.82145
50.8788
10.2649
78.8542
51.6784
33.1147
57.1678
2.53668
30.7113
77.8881
36.07
34.0418
63.5285
96.0854
26.7394
27.0027
9.19522
42.4048
98.6385
52.3422
55.9039
64.4385
25.7417
62.0193
28.0007
84.1854
86.5257
14.3268
31.6933
76.9145
15.5471
43.8502
18.1236
47.9231
38.741
91.9103
78.5685
4.71532
85.9271
26.9974
60.5986
90.9017
48.1001
23.7151
8.03851
18.5433
47.0512
79.6041
93.0509
19.674
54.4053
62.2346
71.9188
67.7578
88.8108
86.5622
8.06185
35.0555
67.7377
21.9403
61.4936
99.7842
19.3123
69.0235
81.6822
38.1025
35.9784
2.97484
0.0176254
16.0336
11.2235
59.9631
87.4005
70.2012
23.9414
59.5749
51.6818
87.2652
1.20532
35.6436
68.3474
51.2686
55.6509
50.9741
90.9524
56.5866
39.1949
40.317
41.9349
39.4935
54.2106
49.3178
86.2257
23.0671
20.8546
91.9892
3.38787
52.094
58.3114
61.2537
22.6241
71.9139
63.092
51.4482
13.6817
86.3453
0.534326
10.4008
23.6824
38.1766
60.8645
26.2218
17.0675
87.5436
16.3773
1.19993
66.1004
92.5518
16.5705
5.96961
65.063
41.6569
35.4032
97.8497
36.2323
26.6958
13.1506
99.8917
14.9228
97.6841
13.5511
60.4644
36.0484
27.4306
68.0842
20.7264
20.8022
17.6657
88.8604
61.3171
7.92511
34.3478
57.854
37.6055
72.6307
34.2517
58.6055
50.9878
58.7021
98.5872
3.72372
93.5136
15.222
43.3298
9.95307
93.4729
29.6003
70.5524
69.2464
56.7456
30.4945
13.6392
26.5764
65.5291
62.0793
9.69655
14.7482
98.4925
68.2917
78.203
84.842
48.3157
59.1021
4.24438
75.8711
52.0304
80.9876
30.5476
79.622
16.8818
25.3215
59.2338
47.9251
54.2208
4.57366
69.5373
32.5814
67.0581
47.8404
78.6231
79.1721
67.378
98.7506
71.3457
84.8452
88.5054
86.9867
58.2099
23.8834
9.33282
45.5867
93.3476
59.1462
49.484
92.9286
25.1733
17.3921
89.9203
71.0265
71.0611
61.2187
81.8144
3.94305
83.4252
16.9826
39.6647
99.5742
28.5955
0.154741
85.3564
87.1715
3.24039
63.4961
67.3129
37.9986
6.90669
86.0365
89.5838
42.5998
14.0406
23.4975
13.6597
16.0197
4.34463
89.9358
33.6437
24.4546
95.2137
80.3423
36.4299
42.4603
36.8132
32.9833
34.3515
3.95072
55.0483
48.5598
76.2622
61.387
94.0514
95.033
28.5308
24.699
65.0363
88.7784
95.0971
26.6568
67.2843
43.3899
2.85389
14.9706
13.8428
15.8867
78.7531
95.9151
50.9329
27.2457
59.1928
18.0611
15.659
11.6365
66.2006
81.6647
68.6283
24.8687
41.8746
4.31495
58.824
62.3464
45.3291
33.1861
34.2614
71.9385
64.9509
47.327
45.0617
69.4063
70.8736
27.5571
70.5356
57.8896
79.7393
87.6283
17.5073
62.4113
77.0799
42.3022
56.6838
42.5491
44.3128
68.9014
62.5044
53.4297
98.7518
37.7612
28.6507
78.3592
34.4668
61.0982
87.6078
44.3766
46.0975
2.12481
94.3399
64.1884
89.1171
35.305
24.9707
79.8708
32.4117
53.2862
36.5635
87.5416
67.2666
40.594
54.46
53.3511
6.87205
48.9639
57.8505
11.4122
32.8943
27.3015
3.65469
57.599
57.0596
61.8055
23.7458
5.71568
11.0651
54.9324
96.4574
58.6958
24.936
87.3222
87.2577
48.2471
67.3599
80.3286
20.2885
42.432
77.7254
70.1427
31.6252
60.2523
32.3617
24.5769
73.3164
33.7154
68.9703
87.2732
30.2022
80.0351
98.4954
4.97697
31.8568
61.127
74.3426
51.9491
29.1077
59.3086
66.9311
17.6779
82.9887
16.0735
93.3667
29.2951
18.205
63.3189
35.0113
74.2105
4.40884
47.0777
64.6173
20.8987
35.161
27.8549
21.4762
96.8457
77.4576
19.4942
60.776
31.8601
95.2589
39.793
27.1933
85.7873
41.0868
91.242
32.1907
83.9947
72.5287
65.1447
38.0309
88.165
4.06628
19.8196
36.96
9.78483
9.02755
4.26647
76.9218
19.7638
82.3133
82.73
33.9631
11.9025
12.2598
60.5851
23.8036
26.2222
45.4807
70.8163
29.3504
54.8307
25.1995
99.7025
60.0085
16.6134
93.4901
37.0648
88.7133
13.1757
1.54681
27.8754
95.8209
32.5086
45.9606
34.1382
22.4742
20.7726
25.4696
11.3221
60.1574
99.1258
73.2146
17.5886
51.7297
28.23
83.6146
20.0328
71.5027
40.6366
74.714
2.77527
61.9499
85.7051
12.8227
60.3026
66.5595
76.6705
68.7677
1.88133
41.0486
91.4667
50.5086
10.1938
38.1013
96.9485
28.2146
0.276119
80.5502
9.16626
66.0559
85.799
76.5444
54.1317
40.0977
61.1812
81.0188
9.15027
75.3175
51.1499
90.7614
42.7942
81.792
35.5088
59.2194
68.6764
45.7871
76.3237
87.511
89.2425
50.3543
88.2378
41.816
89.6556
44.9123
60.8826
3.16624
34.676
3.83598
69.8
59.2337
39.8321
53.7003
96.6707
56.6102
80.7286
32.2806
78.618
81.5312
3.70532
64.5223
59.033
35.4006
98.856
86.7785
9.07593
30.9891
74.0376
92.7421
83.0611
97.0415
56.2104
68.2587
55.9658
67.3321
4.98856
93.8609
0.00222402
13.8382
52.7692
39.1542
94.7453
76.647
11.8522
8.61883
87.1679
14.8188
85.417
24.6018
72.3162
75.5426
42.5452
79.7299
37.6824
32.7232
94.2545
95.0387
73.6944
7.64756
76.6188
56.9781
11.9037
48.9119
67.2979
63.3343
28.6346
36.1743
74.4509
94.9429
61.9901
46.8288
20.3135
42.1233
55.2687
20.3141
0.713669
41.3986
58.4731
90.2665
37.7999
10.6659
79.7584
30.4112
1.62191
74.1255
8.39385
87.0208
13.4193
67.5953
9.72051
56.4499
81.668
46.672
27.0364
54.9985
10.1701
70.4067
76.2693
41.0897
47.3309
76.1397
0.891575
27.6464
13.0229
89.5216
6.85803
48.8675
79.2724
15.8053
46.8385
74.8579
45.0082
64.3788
88.8924
75.6086
81.0945
32.8354
94.7923
11.4412
14.5958
23.3754
14.9432
52.346
74.2549
11.5491
92.8752
75.3429
79.0739
76.2099
47.7531
23.6604
86.8693
45.5719
37.4412
68.4862
75.234
58.6713
86.1962
59.0396
62.8596
64.3519
8.57573
21.9949
96.277
88.6705
83.8089
72.3664
62.2419
71.8557
16.2644
97.7499
46.3041
30.5995
89.5362
34.8104
71.8485
12.843
91.1456
46.7144
86.3138
7.86765
36.9418
52.4047
45.6306
28.1891
56.4842
31.8028
8.91147
0.486143
30.4298
89.3708
87.1798
16.257
22.7485
76.2797
74.7173
56.853
16.704
82.9303
89.2259
27.7495
24.4988
72.3801
22.4129
65.061
40.1248
11.1893
11.7161
15.2974
97.3348
38.8776
99.3049
58.1021
82.1202
84.6267
43.7833
36.741
44.8008
95.5245
28.9342
13.0203
35.4015
65.8536
86.2161
73.5695
26.1834
89.0346
79.5537
42.7742
9.32822
56.4138
99.871
98.0501
23.9967
38.9466
91.185
99.3127
41.7709
90.7593
1.20171
44.2656
99.5176
24.4039
14.483
17.8203
68.857
91.5249
54.7931
92.5646
40.5414
34.9914
14.3076
14.5193
99.0453
10.3408
24.795
58.5849
62.824
27.6863
63.3754
95.2788
24.1021
56.4779
3.47031
29.6864
99.6318
13.305
30.8533
92.1385
42.3175
44.9773
37.757
26.2016
77.7106
94.5939
97.7758
91.9722
90.972
18.3766
58.7182
11.0449
86.8676
97.2823
41.9609
0.116096
57.6337
94.3727
19.5142
55.2583
31.0302
90.7823
12.4217
78.8048
55.0095
11.9492
72.2138
87.6888
27.9938
62.2669
65.8478
46.9585
20.9821
53.8326
10.3305
65.0768
55.6642
47.1128
34.5548
32.5537
94.288
44.9223
32.9223
49.8784
61.1303
77.0176
39.5202
21.2774
95.2771
4.15954
30.037
97.8095
47.3767
97.2246
82.0308
68.0087
96.4654
19.6579
48.9922
9.09946
12.9808
98.98
83.919
94.8174
64.0297
59.6298
42.9021
31.2339
25.6512
26.2587
4.82032
49.384
55.4914
85.9776
4.14711
3.94725
37.9428
23.2603
11.3585
41.2712
22.4663
76.8303
98.2133
34.0703
30.8306
13.5567
39.689
8.17988
46.2206
31.654
39.6653
42.722
46.1249
19.073
57.9593
61.1465
49.9923
91.6815
6.7203
20.3534
46.7463
90.6374
53.5758
95.8738
68.7649
14.7863
28.2195
43.0194
11.1917
19.6568
42.0671
76.7264
31.9635
9.68003
7.04737
62.8356
4.60676
3.99876
23.0061
51.2697
40.7876
7.8895
1.67969
78.9328
26.1288
1.36763
33.855
75.2467
1.37528
39.313
33.719
74.0557
29.299
99.4596
90.4638
19.0628
21.2722
69.7427
66.7488
93.6779
49.8382
32.9038
34.4616
76.4837
9.53686
29.967
19.5237
6.56147
97.1425
14.7107
61.532
1.69117
83.3073
23.6892
97.9678
15.8473
10.0567
60.2331
18.5325
78.2151
44.6074
29.3979
57.6868
51.3256
1.27512
14.3462
82.3765
98.1902
25.5066
32.1123
24.9344
46.5422
15.6115
0.867416
3.21737
32.0259
16.9182
88.5783
92.5572
72.8759
50.8324
27.0641
36.3076
41.4826
55.7812
69.6338
12.525
93.3035
81.4141
50.0641
6.5281
81.9421
15.8187
55.2894
23.8926
27.9074
99.6828
2.03907
11.1123
4.49267
67.4848
15.4953
38.8544
79.823
60.341
77.5776
32.5011
23.0789
38.5885
40.22
46.1461
15.4138
8.01556
7.75644
90.3202
73.2365
85.2325
52.0032
39.9543
61.8923
16.471
1.61383
9.84838
78.9171
95.2217
72.1542
98.4416
49.6336
87.1506
49.8308
38.8566
19.311
83.7222
9.11149
72.6456
6.84577
67.7783
71.1488
80.5785
83.2432
29.6206
98.224
44.136
32.5171
57.9155
30.7339
56.0804
52.6398
57.119
85.9413
15.0697
33.2812
10.672
58.3934
68.7974
76.6098
75.0747
87.0397
36.6513
85.4219
68.3107
68.6014
95.2072
23.8447
71.0812
54.7937
64.3367
12.4388
31.6382
55.1595
92.9553
13.0513
35.6873
8.89164
68.8582
98.8897
60.3873
22.7564
64.956
26.9197
65.7166
94.6813
44.35
24.8389
36.318
96.0934
48.534
54.8174
95.0819
26.5152
87.5013
87.6409
80.7789
22.7743
41.5054
74.2903
49.8661
6.24574
6.28539
30.6885
7.21737
51.7358
63.3529
57.2515
41.2448
96.5136
39.5468
82.7345
44.8885
92.9974
91.3789
73.8002
14.3604
86.0604
5.48591
73.2935
35.5624
94.7377
75.4773
6.7275
38.171
29.1034
8.45335
21.9962
76.8945
85.414
4.5067
51.3172
16.896
78.7355
88.0155
16.2503
61.4047
85.0339
47.0022
48.1837
40.5853
10.537
15.7625
14.1205
63.2257
6.91424
92.3828
66.6022
34.7108
31.7177
2.17895
85.3193
64.2691
25.8795
94.0357
27.1768
83.3522
61.3067
0.252465
24.3336
3.63461
53.0311
45.0422
94.3541
47.2967
13.5854
74.2587
56.3391
71.0995
91.9616
62.0424
86.7202
49.1492
91.3143
55.402
2.00946
82.4926
48.3779
80.1788
54.4135
16.662
72.4499
66.7577
10.0217
21.9682
50.6102
87.0527
5.48251
37.0235
6.61875
76.3327
36.8796
26.9252
44.7453
65.4969
39.4005
12.2881
13.1849
84.8673
79.4261
57.085
56.9709
24.9742
88.0114
22.6226
66.9229
25.3206
86.8648
10.8449
96.9294
3.67509
30.9548
86.8056
27.213
90.2306
57.2467
5.93333
18.6275
5.08796
42.6774
21.9419
35.1504
98.8514
62.9773
43.0304
25.3988
92.1529
65.4866
42.9756
92.202
41.4134
85.5918
73.0821
98.8764
27.5788
26.4453
75.7145
11.4482
44.6541
64.0111
99.7125
84.4269
57.8461
48.5233
34.4685
19.1138
30.1162
39.9558
7.14497
89.0532
26.2435
89.256
97.1789
96.8624
20.5887
72.1779
91.9879
20.9363
86.0415
1.12681
71.2561
79.5594
52.9726
16.8662
70.6705
36.9659
7.79435
14.6634
51.3025
75.237
18.0049
39.0689
70.3739
26.2919
74.4986
22.6732
10.1759
32.8127
98.638
57.6542
36.6742
76.426
36.6528
68.6214
90.1443
17.5372
49.1282
46.5294
58.9151
55.789
0.883856
31.1318
69.698
12.4437
20.9398
73.9867
50.2656
87.8932
69.5802
4.29787
13.7746
40.9758
72.2701
43.7255
37.6047
43.499
58.7515
40.329
93.172
52.266
40.7788
12.5986
36.9323
9.29281
51.7294
61.3517
54.8174
64.0433
24.8469
11.8321
56.2267
48.3026
17.2693
80.9101
53.2216
11.4115
74.5783
24.002
32.4213
98.4764
51.872
72.4313
47.53
11.106
80.4982
89.3516
77.0538
23.9252
54.8897
6.30878
50.0293
73.5107
39.0224
98.5472
57.4422
32.9014
7.39898
42.7972
30.9747
8.56237
31.2672
95.237
32.6634
34.6683
55.6249
79.0762
78.0458
86.2085
39.0872
8.00597
98.7647
39.9188
26.2586
32.1124
4.60689
10.8555
24.7596
42.3954
94.9475
49.3683
64.1168
52.8533
74.1864
70.8738
93.1872
61.8325
17.8512
2.71176
90.6291
91.5385
42.3903
41.4368
11.0145
68.8845
97.2274
79.2245
95.5945
70.4428
49.1807
42.0704
81.2566
77.6127
94.2414
38.2764
22.4079
38.5765
51.9632
5.77747
46.1674
87.5701
25.7225
76.6815
56.8494
53.0036
79.0911
65.9519
19.1571
5.1145
2.76685
37.4352
5.99051
19.0917
18.053
64.1348
75.9881
4.93754
62.7502
83.4752
41.5466
1.45167
73.7607
97.4599
25.9154
35.5927
60.2936
24.3469
53.6259
80.802
34.2463
26.9566
10.7137
25.1647
2.36775
17.0787
92.4608
76.4703
6.16916
22.5206
75.4329
66.2015
30.7675
51.1079
28.1061
51.2089
81.0773
57.9653
39.901
5.7912
11.3311
99.0363
59.0829
26.9669
22.3246
52.5761
79.5264
48.3576
83.1795
27.1833
45.0869
4.74413
69.0498
93.8423
3.05328
21.7856
70.6763
5.13025
22.8889
56.6063
86.9521
88.1022
3.61571
92.4663
2.96453
23.6492
48.953
71.3389
58.1317
81.1657
72.3027
63.4715
76.355
77.1692
22.0012
5.15418
0.366369
53.8903
33.6306
93.0206
42.889
27.9784
85.2182
3.77002
41.8103
82.7132
45.3653
70.2815
80.8144
3.07938
65.4288
38.8739
51.7698
35.5002
17.2473
43.9848
50.0481
82.0446
68.994
88.0571
75.0947
73.3039
12.6204
65.0062
15.708
42.4014
74.3941
96.2171
67.5884
21.6761
44.0188
98.4691
6.74014
85.1552
8.66441
96.0095
38.5907
22.567
28.849
56.4751
50.9648
37.6325
50.0408
95.5816
58.2039
63.2559
13.2591
78.6153
68.8971
22.7859
31.534
16.4782
81.3555
72.2986
82.1869
3.59893
42.9088
55.7958
44.6082
2.18784
38.8842
11.6968
6.19712
86.0769
92.5859
4.4648
67.5968
86.9223
77.7252
19.1766
30.2445
92.0149
5.87379
53.3506
50.4739
1.98988
9.50294
7.96459
28.0312
80.8742
50.8228
43.434
91.0201
1.90556
72.2989
31.584
72.8182
27.4624
39.1153
92.9269
86.1679
64.9666
20.397
59.1534
71.6295
8.73344
52.1982
21.7062
80.0724
82.9522
71.8996
46.0796
80.5838
88.8569
52.4036
66.1534
99.6325
39.1189
36.364
97.1279
28.7293
29.4003
17.353
4.77693
28.877
36.7438
19.5124
73.8586
90.8739
7.57661
98.4817
81.5365
91.9946
5.78813
65.342
4.69762
62.2687
23.2305
92.856
32.4771
27.7833
66.1338
37.0907
94.8656
1.98628
75.8224
9.00793
15.3571
23.3346
84.2674
87.3879
5.76557
78.5433
72.2306
53.7552
71.8659
75.3553
4.31853
93.7424
66.7618
65.7713
96.3711
48.3485
62.6496
79.7336
15.2327
41.6935
60.989
88.2951
90.5572
75.6585
17.2849
11.0797
21.5052
12.4168
13.1197
1.14888
98.0197
11.7976
15.2739
99.1846
20.6397
82.2171
64.3515
14.9751
74.3052
44.0414
73.3346
19.2947
4.69491
35.8178
54.2222
35.2089
59.082
29.2283
3.94928
94.3725
5.80253
59.9701
2.68457
21.3983
45.3709
91.8021
93.4667
56.7425
2.76392
85.673
44.2939
17.0745
23.1006
58.2738
68.0502
97.1254
51.892
27.2405
72.169
82.8811
28.6287
14.6563
46.1512
57.1034
36.4
33.7273
11.6645
10.3536
93.8233
4.29864
53.7573
47.3613
56.9561
99.8996
86.9266
12.214
73.051
37.9248
87.7913
85.9545
62.0342
81.2129
16.5017
11.7663
39.9021
66.4008
38.8801
98.5502
30.9532
45.3144
45.6425
22.6617
12.3497
24.9937
85.3594
64.7695
56.2203
96.4311
32.0174
29.9856
18.3743
22.4157
24.0406
39.1599
73.4404
85.2837
85.5914
64.6732
20.4346
94.4244
74.349
91.7155
70.7529
42.4491
40.3636
83.1553
6.40591
42.2247
64.2461
18.7607
38.354
9.12479
69.6538
44.5932
52.0063
88.599
0.855948
29.4875
86.5152
99.327
15.8855
98.6484
90.3587
7.71485
97.0752
25.4467
88.7307
94.3295
71.132
99.6654
86.7608
37.8848
45.684
96.3314
73.8271
87.7813
91.8656
3.79857
15.0246
72.2163
56.7571
39.2462
40.7315
96.9244
62.4875
63.1343
60.018
81.6618
35.016
67.1798
78.0107
69.9101
25.6644
83.8202
25.9554
74.2834
2.56956
92.8636
73.2382
35.6172
78.2126
86.5614
22.9276
7.88951
48.886
23.0869
42.0505
34.7112
93.5875
87.835
29.5697
56.2401
40.632
8.70322
79.7151
62.0643
78.0696
14.0023
37.836
88.9588
28.4542
47.4922
88.5502
97.5028
81.7993
45.3902
27.2863
67.5681
99.9246
44.7274
9.43761
67.77
82.4084
49.4645
98.1332
59.5461
95.4537
5.77319
34.3714
62.1272
94.1819
12.2533
24.2151
81.6944
17.4167
78.9619
34.8357
76.3209
62.4469
26.0424
98.3932
15.3852
44.1336
70.9991
6.36177
36.6725
72.7771
17.012
34.4912
55.4036
18.0238
50.0002
89.3331
37.2544
67.7772
14.5308
85.4628
47.803
58.4296
70.8904
83.9597
60.7504
31.3098
57.5772
79.1383
19.913
17.3537
27.0882
31.9551
86.0606
90.4456
39.1126
97.1205
8.31898
5.48624
58.3062
40.7553
70.6463
79.7141
70.948
63.59
3.03591
25.3136
79.0567
10.483
67.4326
31.8877
2.47857
10.1932
72.4
61.1221
91.8895
89.6803
10.3212
97.6713
55.3375
33.0794
90.8144
39.7334
35.3649
49.4726
21.045
63.7455
67.8031
90.2311
84.744
81.4026
4.59327
49.0091
77.7104
17.1826
37.1804
66.1926
43.6178
15.2262
54.8581
54.2953
80.3431
82.7405
77.8293
40.9379
97.4205
68.4503
42.8744
95.8519
89.2913
75.2239
65.1623
42.1273
92.6904
42.3606
0.802536
69.9925
39.5073
65.0612
68.7339
71.2066
45.8012
1.76418
28.0062
86.4314
45.6185
2.83993
34.7529
82.1627
27.6176
9.86024
45.6464
31.9436
82.0019
19.2854
56.2325
63.9953
42.6887
48.7859
86.4333
56.201
30.4431
22.382
36.5764
67.0499
71.4981
62.7305
5.01659
86.5982
17.4049
88.5463
91.9339
56.8873
99.6281
66.0121
85.1047
19.2337
67.4932
4.09555
50.2907
45.0729
91.9999
56.1423
52.6527
97.0181
17.719
26.5485
63.3112
76.743
35.8724
44.5858
82.5169
39.2164
35.7733
15.2713
57.4802
11.5325
20.201
45.295
7.78228
38.5082
22.8035
58.6024
18.2955
59.4535
69.54
87.4067
67.5793
29.764
66.9511
57.2695
52.986
53.358
23.5421
59.6231
17.398
92.9919
2.59977
25.6213
43.4295
93.9876
23.4775
87.6842
28.0802
12.9156
64.5058
48.3085
33.7712
61.8662
13.8581
40.1398
30.0344
13.9718
34.159
23.1551
91.1344
66.8906
2.43709
11.2254
24.4125
75.715
22.2107
69.9631
5.4102
80.8799
31.0415
91.1451
60.6927
48.6988
66.5058
93.6091
17.1278
18.2689
48.3494
15.1146
97.8613
99.553
72.3501
24.1205
62.0102
28.0576
36.179
90.5464
57.8832
20.8854
24.8574
93.9384
54.9624
0.717775
85.5706
31.2517
84.4745
89.1204
98.8379
66.6368
92.8196
13.2341
3.8632
55.1709
60.3097
7.65023
55.0481
36.4331
55.3822
39.0841
68.826
32.4134
48.7365
22.8129
18.0683
1.33747
69.7733
88.3107
39.3477
14.3109
22.6176
29.3057
92.711
19.0443
15.0873
13.945
86.067
60.9622
47.2665
24.2692
24.9816
27.1218
81.9752
39.5532
26.6848
63.8612
79.0076
91.034
91.6865
8.73531
74.0153
24.5023
29.3376
65.1444
81.6237
66.0474
34.3555
21.4616
25.2064
10.8601
55.8951
34.7907
79.6225
31.4178
97.232
18.2014
32.5273
6.79403
22.4284
88.4435
21.0343
29.0194
87.0317
8.97484
18.2352
78.4139
45.299
29.9106
50.4002
19.6206
87.1112
98.1566
49.1043
31.9225
24.1278
44.2758
35.4378
57.7512
34.0164
65.8465
31.0968
75.1329
30.7078
59.5876
21.2319
97.7209
97.5383
72.1099
99.0578
30.1442
40.9494
20.1874
35.0898
80.3441
79.6535
30.441
78.6275
55.1168
83.0748
66.6477
38.2879
71.9699
46.685
53.4313
30.0319
90.2101
74.0534
28.2881
42.2448
74.5532
89.369
54.8363
73.4606
81.9837
23.5769
46.0283
22.8829
38.1867
67.3376
31.2805
94.7737
63.6208
9.93257
9.02392
18.1518
45.0984
23.4977
4.41934
94.66
44.2997
6.39007
25.7775
51.565
93.0327
29.4149
85.358
77.5707
37.4815
54.32
4.25829
42.9331
23.5214
7.2318
88.5759
80.7162
5.16073
3.44291
39.8762
37.0036
96.7426
19.1069
1.1365
17.2434
82.3972
21.3451
67.7092
7.46747
11.2016
14.5992
6.61964
79.4251
80.5722
43.9157
33.2579
27.5861
32.5253
24.7955
14.3207
63.0313
46.1485
72.2643
71.6645
67.0555
38.8307
71.0539
52.4092
31.5598
39.1006
1.52652
52.0042
88.5309
37.3596
10.635
22.9154
10.1396
57.2842
19.3836
45.9692
65.8066
19.4084
53.5996
82.7978
53.2063
3.39875
40.0411
36.3556
40.9899
37.4146
20.4692
66.1494
6.30393
60.3963
60.4306
26.1531
92.1661
65.6153
58.0224
60.4929
59.0244
53.6571
84.3003
24.4335
13.4209
68.6298
76.4044
0.804276
75.6622
21.21
79.3202
59.0414
9.53069
34.4796
19.1805
39.6598
3.04405
84.4297
7.03546
62.4919
53.6702
79.1995
74.7201
78.2819
80.8265
97.3302
3.24257
17.549
18.9488
40.1273
91.7897
46.9081
25.0445
34.0877
10.8162
22.9001
6.97122
22.3306
37.2645
40.8008
11.621
9.48159
21.5389
36.1784
13.6346
9.28877
80.8842
85.9544
43.1075
31.807
46.1603
32.9963
68.2344
80.7988
7.26218
14.3932
34.8805
86.9866
20.523
54.1423
1.24212
35.146
96.4939
0.327569
3.68924
3.94837
78.5546
19.6897
3.84972
92.5624
86.3422
82.1521
82.1574
99.3019
78.1639
70.4075
87.4873
11.9679
38.5591
75.2652
76.7042
36.0894
23.1223
72.5817
99.8445
78.2629
80.8967
16.917
42.4996
0.0635482
76.2069
47.0412
97.6835
96.4646
32.8828
29.2937
52.3894
68.0026
57.8932
36.3751
86.0873
89.6335
43.6707
94.1007
33.5367
98.2455
41.2446
26.4809
8.55294
99.1812
72.9122
87.5426
19.7029
58.0628
14.7186
63.4624
61.545
53.4966
44.1814
66.8338
25.88
59.0163
83.1946
54.0433
90.6741
85.8889
85.9981
41.4802
94.0886
86.201
62.7611
83.6867
69.2866
32.7275
2.80974
49.8334
43.2082
57.7684
79.8635
38.9751
37.3036
61.969
6.66908
86.493
71.6516
40.6853
17.0239
50.8404
42.3033
95.5364
86.3895
22.3952
48.9637
26.6399
51.3049
16.5582
84.0396
96.8428
60.8175
5.00991
75.1807
10.6494
56.3817
29.74
52.918
92.7401
69.6762
5.96124
76.1556
8.30297
26.8801
29.673
23.8567
36.7341
55.3972
69.7522
78.4151
58.682
67.1256
96.7415
23.7323
19.2556
61.7187
26.1832
29.1169
77.9634
40.6783
74.0092
25.0708
90.6258
87.117
34.0848
69.9806
30.5784
13.5298
50.0681
60.2814
20.6825
98.6371
54.1422
39.5064
37.4456
75.8897
69.2882
21.3944
63.8587
77.9111
41.5161
85.9959
70.1519
72.0166
59.4825
40.7623
22.1343
69.1971
65.5973
2.08228
69.472
83.0087
20.239
17.9426
13.9424
15.8876
73.7805
4.22767
80.9548
49.9823
50.5486
89.6436
9.29672
23.5515
94.4477
79.7094
86.1838
99.4586
10.1014
60.4234
86.2637
72.3233
85.3539
84.1187
79.2799
86.1329
82.6808
1.24177
65.9029
55.9872
83.2514
91.6003
61.4788
0.130933
77.3109
50.1805
3.58466
83.8069
9.91793
70.4025
56.2602
23.9237
78.5772
35.8881
58.2103
42.4627
6.91446
15.9336
74.1064
9.5915
35.923
33.1727
1.12254
1.67962
73.7913
33.4459
34.0623
6.75477
50.5403
94.9986
29.6102
21.0605
14.1501
22.4485
33.0447
83.8228
51.4163
40.438
71.662
77.4828
19.8456
55.7805
62.3838
31.1959
25.565
71.7587
57.1645
98.2484
99.6773
57.8309
8.55046
87.8059
21.2137
11.2444
32.9981
3.12876
17.669
20.4226
52.3359
8.8139
45.1521
50.8998
98.889
44.9456
93.2266
54.9909
29.149
49.8792
9.3563
53.0837
93.6336
13.7311
94.7056
21.1651
50.1741
58.9255
71.1323
38.642
91.4015
47.1825
13.3811
93.0104
46.8226
89.6339
10.0711
34.1048
70.7855
35.1245
57.9677
65.4129
45.5422
55.7413
44.7696
6.4884
99.5972
8.0867
20.4251
52.3839
81.0441
20.879
34.527
87.5003
29.2657
74.1768
69.4238
1.45914
73.0896
62.0146
14.3998
4.31531
32.0644
45.5359
5.27524
4.57525
67.5753
27.336
45.3927
43.4109
95.1315
86.708
38.5059
42.0182
48.3219
29.1451
25.9603
67.133
87.5715
57.6448
89.4627
28.3534
74.0373
44.0992
6.9601
62.857
7.93944
27.2389
53.7106
23.1405
28.525
34.9975
15.6402
33.4354
45.0549
81.3458
0.550131
86.7056
18.5935
25.5804
91.9614
26.9948
8.16795
3.07026
12.097
18.8693
13.413
89.7294
84.2691
49.0874
72.7734
42.893
84.3297
28.2213
49.632
95.4402
95.4258
54.8087
10.3399
20.6116
36.4087
8.84091
90.8882
55.4772
59.0215
87.4321
36.6468
29.2742
25.6986
32.1503
30.2515
49.221
91.5256
96.6662
72.4502
3.45275
3.9988
58.7112
43.5186
19.8476
14.8209
59.0003
63.3695
3.35146
1.96903
5.55165
74.7428
46.0305
98.8081
96.3752
53.2124
23.8029
69.6789
64.8694
35.4387
8.15715
63.6203
96.4274
75.1402
82.4925
97.0667
19.4353
47.6527
66.3585
70.2155
13.1987
57.2921
53.5919
12.1447
34.5786
61.5938
77.2674
15.7498
58.1933
29.9125
41.2018
96.6667
75.2399
33.2461
68.8022
9.72998
49.311
13.5265
51.1837
37.6758
37.9639
1.53929
58.4645
98.8273
53.2172
19.4044
86.3902
25.3589
87.9993
82.9369
28.1872
14.0566
17.8208
56.7846
30.0993
52.5262
16.2081
27.0884
18.2801
85.5189
66.186
65.9894
65.9475
87.919
75.9605
52.6467
43.9254
38.0677
67.3765
55.2885
6.1857
29.0973
7.99419
14.9496
95.1562
60.1162
53.6379
85.0583
24.029
45.7172
11.3164
33.8284
24.2118
25.1234
38.4757
72.2079
83.3413
86.3094
24.2628
20.2607
53.9706
13.6291
2.23918
21.3229
3.01409
52.296
10.8352
75.7399
38.6841
33.0945
67.7724
68.4923
37.8177
96.1008
15.0366
67.7219
35.496
58.5763
19.9155
70.8766
98.1595
95.1392
14.7526
21.2338
40.9106
81.9661
3.33279
7.90164
0.38587
94.0174
83.7941
15.8176
74.8781
84.4775
34.6147
4.32742
92.2061
56.8194
0.808659
0.555411
19.7265
12.9872
66.0256
79.1605
97.2923
99.6476
99.8631
91.3872
27.4751
47.1
28.9967
73.3836
21.3371
91.9649
14.5599
47.9485
74.5224
68.0407
47.5987
21.7084
43.6295
23.0813
10.6349
57.2919
6.4973
48.4411
4.96051
94.2385
49.769
6.62124
34.4341
81.8662
8.29246
60.4605
86.538
8.543
9.02532
19.87
88.6593
58.9722
2.63873
55.7402
41.965
19.0146
77.659
92.8436
12.8202
86.601
58.8114
61.1548
74.1002
24.0647
83.7142
61.2136
49.2155
47.0676
89.3508
3.47743
6.96555
59.9899
60.9001
48.0285
46.4794
72.8937
64.509
99.0147
8.80212
84.9124
42.9663
91.561
7.5509
9.26763
91.0482
83.8222
37.2976
24.6693
39.5335
52.6603
85.2999
82.837
99.89
23.4987
79.1774
85.4962
80.6633
96.7625
48.8885
69.589
52.4378
93.0017
92.2875
79.8754
43.0343
52.2429
17.1324
52.7431
84.4761
58.0925
60.2556
63.5926
81.7924
97.961
97.829
41.911
74.8023
47.3002
66.7994
72.6943
14.3404
90.5612
45.7092
45.0409
69.6275
58.0308
17.3884
10.5401
81.0702
2.87619
36.5695
46.8251
10.2365
88.8481
92.9594
35.8211
37.9807
29.987
27.562
6.38527
46.8847
44.4875
63.5915
10.1629
28.5142
26.1456
9.84856
83.4097
71.8539
18.7479
61.1227
47.0251
5.51112
91.8397
31.8038
72.1054
34.1631
32.6781
34.3108
43.5001
70.2636
65.9563
11.7883
67.8384
14.1625
15.3509
80.4975
81.2025
26.7686
57.2344
0.479419
93.1892
94.1543
35.4626
78.3222
41.4638
89.9599
41.4792
95.1978
80.5935
90.7953
17.9041
27.3979
45.6145
89.8703
60.1574
45.6231
36.3541
45.9974
27.9433
50.8228
87.423
34.1107
83.2659
12.1629
50.4322
39.5505
74.0708
50.7353
97.1834
55.9612
54.3723
53.6549
89.2935
60.7375
68.0612
41.3271
36.9497
38.6471
90.6144
99.7701
10.8888
24.6044
38.5509
83.5572
22.9225
61.6158
62.88
35.679
85.6422
12.8173
0.66191
29.9033
23.5779
35.2383
79.367
45.1791
1.81339
79.7979
80.3138
57.7719
46.0469
90.3685
66.7306
29.7024
75.703
23.7436
26.0091
67.2207
8.93342
80.3605
9.63845
14.8133
65.5583
29.3497
19.4716
72.6212
75.4438
20.8834
6.189
88.0742
1.70954
59.9446
44.5287
96.9494
3.64762
11.6201
36.1176
23.2673
74.5829
8.88986
20.9754
35.3452
45.4866
88.757
26.8892
34.1143
54.7903
84.1665
14.5448
43.8889
19.9197
16.9055
71.4069
43.3078
23.2188
35.5859
21.4573
80.0605
0.351669
11.3523
12.2101
74.309
95.9104
76.177
30.4965
21.5063
92.4057
52.0619
1.04891
22.4876
80.2644
72.2895
37.2414
50.8371
90.4522
37.0462
32.9487
1.1643
63.6688
25.0281
65.3281
22.4556
46.801
95.0099
89.337
71.3456
28.0935
21.565
90.9253
11.5471
16.1986
33.7069
82.1682
71.578
3.88913
0.68655
69.3911
12.7261
50.9588
55.9108
87.6863
64.4334
8.3774
81.5737
24.8688
33.6449
19.5437
8.94612
91.6127
97.8121
38.9224
93.9599
36.9069
92.1069
6.54448
96.5865
73.214
91.55
61.6234
25.0588
28.747
88.0819
24.843
71.2437
21.9765
3.83764
54.0079
33.2427
89.2553
75.2699
40.7408
18.479
31.001
91.0396
20.2461
61.5831
89.5986
64.6567
52.7246
13.4605
86.2941
35.425
46.7087
98.9813
19.3195
22.8881
84.0304
9.69417
24.7411
20.0699
89.3805
82.4344
18.8127
9.61551
3.73591
5.22569
60.3684
88.3568
40.6182
71.7167
82.2654
60.4685
46.611
74.7344
41.2508
16.9098
16.1066
88.6235
36.9385
68.9736
92.8268
57.6835
78.8836
64.3242
22.8445
99.4683
71.7022
76.6944
53.8719
79.332
80.4979
53.2723
65.6114
75.2875
13.052
68.8374
49.2936
30.7047
43.7205
20.5729
33.4727
0.37123
59.7547
89.6291
73.0331
86.7085
43.1146
57.2916
75.1604
42.4035
34.4049
86.6802
38.9902
77.6112
80.5733
71.6656
74.3749
98.8424
92.5006
98.6271
79.0449
87.9731
62.7037
52.8902
9.74032
90.0024
3.9965
94.241
45.8493
39.8227
27.309
69.8225
60.4132
52.6421
46.7171
48.0141
31.9833
98.9423
36.6799
2.68969
45.3458
10.6666
33.3048
19.269
87.721
50.6733
66.5872
14.4824
20.9425
31.1876
53.0279
2.58848
63.7957
87.0007
40.9541
34.9189
95.4214
28.7393
6.48792
72.6711
24.213
59.5964
21.3201
32.4548
53.1046
95.1035
36.6422
74.7502
69.8225
82.1402
25.0602
75.0668
35.7419
85.4659
53.6226
72.7051
50.1947
67.0255
79.3802
88.4389
54.9736
54.6935
42.2905
82.8647
88.5013
71.0287
72.2957
22.3525
86.6791
6.01163
33.7998
78.2476
77.0235
5.0058
79.9351
51.3741
39.3003
47.96
78.1653
38.6876
4.13833
76.2032
88.0837
81.8612
86.4636
84.3208
11.9587
74.0923
11.2381
79.3814
23.5359
27.9069
57.4457
32.0885
34.4726
21.1959
87.2605
69.7357
91.1049
7.33276
37.5437
90.2104
83.2564
96.5865
87.6861
98.1995
16.5934
83.8043
18.3808
62.6052
88.9296
12.4184
0.668442
69.9111
34.9623
53.7447
32.0771
31.2754
48.0324
63.456
36.2107
89.6382
93.425
40.8849
49.8243
58.7518
97.0734
89.264
4.90211
74.3228
80.3307
20.9364
35.1214
58.2687
11.8011
2.36759
6.14563
78.605
90.7596
85.7439
71.5736
89.9163
13.7113
51.8866
86.5752
13.2564
13.2763
81.2141
48.5594
19.9686
69.6257
88.9121
44.2924
25.5391
78.9927
9.85179
40.8307
46.6331
19.1667
27.6958
72.3632
15.5623
93.8555
43.9585
91.0614
25.5433
67.1474
45.217
6.56302
37.6421
39.9082
10.4478
62.1076
85.4873
64.1496
67.5017
3.04396
68.7503
50.2141
54.7967
1.37867
95.7958
55.4104
63.7565
39.3636
88.348
52.5556
5.46735
55.894
79.5151
53.7867
48.9234
70.6613
66.5336
14.8249
98.3608
92.0229
61.0818
21.9919
10.1088
61.0127
20.1334
91.095
19.3116
42.0497
80.6248
14.7326
12.0486
77.1596
1.71911
57.8973
43.0669
1.63636
9.11538
9.20498
32.6547
68.6395
78.7925
98.8932
30.5027
71.5413
29.7759
18.5346
10.5186
4.38816
33.1661
67.9353
80.065
37.9949
67.2189
97.3314
35.415
54.5256
41.9305
26.0788
84.1048
76.7315
91.6222
45.5941
10.6395
22.6183
35.1673
25.5949
98.8788
41.4008
57.4699
27.3792
20.4298
55.1715
7.69786
16.0534
38.1802
43.4091
74.2093
0.642637
75.2157
95.7703
37.929
85.8376
27.145
13.1744
40.0417
7.99427
79.7562
7.59527
17.0905
13.6119
68.7356
41.098
24.114
34.3166
38.6273
82.6168
59.1162
39.232
12.645
46.0159
24.2238
89.608
41.3431
63.6977
73.0471
10.3377
75.3937
28.8044
45.6611
12.2388
12.9274
26.2624
84.0855
80.041
27.4077
23.2906
66.1586
70.582
91.0532
70.4405
83.5927
92.5785
2.12844
50.2371
0.612396
31.8709
96.1167
57.6045
60.428
74.4523
20.6185
54.9186
16.7094
99.8976
70.4052
59.8942
68.9291
46.4126
62.7568
70.6633
29.567
31.0501
53.3105
79.8522
84.0736
78.4185
77.8041
22.5418
8.62505
93.8359
68.949
61.1549
83.2669
65.907
68.8944
80.2287
17.5407
1.49909
79.4089
81.1998
65.417
57.4135
19.9976
86.6991
20.4154
6.54655
82.0227
31.5127
66.7067
60.3595
5.87759
74.3982
76.4022
95.8641
16.5329
18.7168
38.0808
31.5378
52.248
51.4772
43.1529
43.107
94.9581
22.8908
12.5605
99.0761
34.0511
74.3892
72.6443
46.5583
56.1588
10.8005
1.8112
63.9728
52.7419
73.0677
73.0965
28.8961
25.9596
81.3124
30.6831
18.4622
42.0238
20.6956
8.34529
69.319
96.1147
79.8507
97.025
94.8921
60.303
84.8456
29.8903
27.0504
12.2312
37.623
54.7975
73.9267
75.934
34.4736
56.5573
7.92738
11.0042
52.952
4.69646
39.9844
46.7547
40.7873
71.523
34.7123
40.2023
28.089
82.4224
71.2719
92.6316
18.8018
11.4434
61.7466
67.7519
87.9031
66.6737
45.6631
19.045
19.9532
75.7767
25.286
0.516531
8.89135
96.9638
80.2433
80.3405
69.6515
34.0276
98.3832
9.94536
50.1209
91.0222
71.9209
45.5106
43.5847
64.1667
79.8461
19.9265
18.1691
54.7071
4.4296
13.9207
42.3931
60.0112
8.60122
85.7022
77.9983
20.1939
20.1612
83.4399
61.4707
97.6181
75.5869
31.2536
85.7782
91.5882
13.2964
1.00694
30.5325
6.51043
88.8635
82.2664
17.2494
26.7771
91.1235
29.4298
31.4789
16.5738
22.3865
56.2441
41.0122
52.3681
97.793
91.791
82.1769
13.131
75.866
57.1934
75.8083
16.9042
80.4506
4.82402
9.57886
86.3269
40.9949
93.3451
78.4953
41.5328
74.682
46.0569
17.5539
81.9742
41.1359
69.2686
13.2176
2.70987
88.2619
79.8698
14.2212
59.5263
43.7128
91.8185
6.50112
30.2358
33.2846
49.6387
66.8594
59.697
19.6959
36.1942
34.9273
40.3702
35.2847
28.0843
39.8199
92.2708
63.3675
45.338
47.5279
91.8078
50.3236
93.7738
9.9906
63.8241
39.5239
60.4513
80.9198
14.2887
68.5368
60.9716
9.27959
96.9143
34.3204
90.0267
32.3809
97.5344
68.653
51.7316
62.8473
89.2421
4.3573
24.3583
84.2997
80.7854
86.7169
72.9186
56.7289
59.034
13.2334
27.1448
95.5234
3.96554
9.10213
10.3578
30.2834
28.5767
53.0861
84.2745
57.526
37.8583
76.3305
77.2145
74.2398
18.2667
23.2014
40.6588
25.238
96.7905
43.8536
2.52589
3.31959
25.8589
71.9391
76.1277
53.8467
81.9001
2.32226
0.141601
95.7712
88.8405
44.3922
11.5814
51.4419
98.1226
15.7838
16.8245
24.0888
4.8039
23.8701
54.9312
17.1311
92.9568
23.9725
4.94892
89.481
51.4223
62.8817
44.7955
24.8788
27.5629
47.2347
80.9295
65.5866
63.1807
20.8159
48.3564
52.341
4.00054
93.1642
12.4379
95.7734
4.77596
22.1726
99.265
79.3321
35.9515
7.80642
72.4418
33.5817
77.0215
30.8102
13.4451
11.1666
50.269
24.7961
50.9823
39.7376
45.5683
59.1295
81.8971
43.5702
27.0632
93.8166
71.799
58.5576
10.221
9.19391
31.3282
24.5759
36.5487
48.3091
23.4094
87.9481
78.2045
28.9713
56.2158
58.1906
55.7719
23.3493
89.8944
25.8192
31.8155
27.1889
76.3912
11.7386
30.6461
45.9223
25.1681
78.2266
0.0766182
32.6199
34.4584
55.3999
88.6244
1.20742
22.6553
13.441
38.4449
19.1169
34.2217
33.0686
17.7556
29.5012
44.4189
80.0172
72.4246
56.3444
5.39288
29.4993
37.7575
53.8403
7.66163
85.9779
73.1382
66.8256
72.5252
85.9162
94.7299
90.0101
59.342
3.77844
79.6984
95.1633
14.3985
14.3005
51.965
82.6723
1.26908
39.9552
21.0448
95.9715
22.5108
85.6883
88.6343
1.91997
96.2269
91.7767
85.2047
15.3185
31.7593
83.7937
74.6992
74.0093
56.5551
91.221
70.9716
41.8631
68.6493
56.3085
95.4896
47.8179
2.8397
76.6679
88.96
38.5787
17.3882
64.62
90.4239
31.7388
64.1302
78.924
14.7858
7.15617
45.8973
27.8123
5.04457
13.0923
31.398
95.4805
58.6497
75.2612
35.5156
21.3763
55.7533
34.8618
55.2964
84.75
30.3063
86.5096
71.2996
14.2434
6.05326
72.3914
93.9641
47.9852
74.5807
91.8284
6.70823
45.061
4.95273
52.2739
96.6965
83.9539
80.0442
27.75
72.7905
74.0366
97.0699
30.0807
3.55688
50.5848
86.4386
68.0595
40.9655
27.4103
73.2061
40.2678
23.6862
40.3873
9.50115
75.6094
35.1822
12.5143
23.8995
27.2058
1.83995
89.6244
29.0947
8.87286
97.1106
27.3742
21.8371
92.5323
34.6112
50.1279
95.5347
32.7105
96.3179
29.8991
23.5421
55.6821
48.5386
61.5387
84.6969
9.75687
39.6644
35.6275
92.17
12.077
35.0552
86.4982
37.4743
9.12281
19.3344
42.4628
20.5432
71.9396
97.7542
27.7389
34.0486
82.3902
56.0728
48.4665
86.4301
48.4123
28.3127
88.6823
4.20415
86.392
35.2381
39.8718
72.8132
1.55876
3.84755
21.3303
47.0449
14.0451
56.3518
67.7924
21.8938
24.6517
39.3101
52.8728
99.1817
90.801
14.9998
22.0051
22.747
67.5017
72.8647
51.57
58.5715
61.1377
71.7651
39.9371
16.0301
64.3064
34.0667
60.1376
85.2072
42.0202
33.6705
74.8482
56.7727
36.2377
97.9063
31.5494
5.50385
12.3563
76.4362
4.64219
46.9274
60.2799
22.5899
46.4843
58.1325
67.128
29.6711
73.9541
69.0331
64.1362
59.108
77.0553
71.6844
40.5379
14.9781
28.2862
29.922
67.7325
82.1136
45.3322
94.0739
63.0001
60.8113
70.2772
51.0141
37.9622
80.6422
61.5161
47.925
72.2467
42.8778
78.0028
18.1341
17.335
44.3264
84.5376
22.0344
37.8888
30.9742
88.841
27.618
2.37177
57.6633
23.4349
88.825
63.9049
44.704
41.3421
43.6364
22.0572
2.48086
96.7812
6.83728
89.0142
46.3051
97.7272
40.9923
40.9736
76.8262
2.50155
5.88335
34.9885
22.5434
68.1336
42.0078
10.1914
54.2088
84.2173
71.4051
71.2934
18.3988
44.8002
86.8033
32.6269
45.737
39.7437
44.9104
14.1549
68.1459
1.71887
57.2622
92.6894
86.2845
20.3155
98.2262
8.47268
23.0368
58.0319
54.9618
61.5259
3.7751
68.1162
70.0487
38.8328
29.6299
36.5378
23.7566
82.052
47.4395
45.3947
34.5196
6.42503
12.2417
0.312674
5.59284
98.4582
86.0537
60.1899
54.4193
96.6714
87.793
59.0066
46.7249
33.9399
30.4237
71.3513
76.5745
48.3741
28.4787
32.9423
17.2952
57.9909
34.8254
81.8147
71.711
40.6167
53.144
71.6488
25.1778
46.9828
55.1311
53.5807
60.7734
6.44959
23.2484
63.5927
68.1472
7.46617
89.7498
17.3367
73.6493
35.2612
93.6246
57.6424
95.3054
50.7756
51.2171
34.0452
0.823958
84.8284
70.2906
15.3047
34.0132
75.9508
30.9725
2.19575
90.4828
29.036
1.11911
80.7895
61.7763
27.0082
15.2294
49.7283
68.114
18.2965
9.15568
25.7067
3.24123
52.6171
39.5661
63.5313
85.0028
18.0603
56.7628
42.2321
81.298
98.8887
90.0993
69.4657
44.8879
8.47789
32.1845
4.41451
3.4838
35.4544
12.0791
76.5444
92.4283
72.0196
60.8048
90.1203
94.7095
56.4226
90.5321
89.8355
5.35892
94.1113
19.1576
37.3543
99.4131
5.19691
90.2216
54.687
63.5205
72.3353
53.2912
42.9835
76.843
79.7966
0.852998
95.8667
89.6815
93.6545
57.9123
75.4392
25.3455
32.9481
27.333
0.561817
53.9472
7.61866
54.5447
56.8505
41.8612
49.5878
57.1578
20.3208
25.4076
6.88535
51.0236
57.6883
24.6102
73.6021
15.0275
41.3546
76.093
87.1671
86.4506
52.9861
38.684
73.8237
69.2142
73.6095
73.4868
65.39
54.5116
88.3608
93.6643
70.8939
41.2205
48.8801
6.60267
82.6412
56.502
24.128
54.2951
73.8199
8.8426
52.9455
16.4175
22.9008
0.60646
54.5494
62.0562
37.1864
38.6034
36.0469
37.8887
51.9724
78.3946
97.2659
7.68295
72.1852
25.4097
33.3806
82.9768
43.0116
98.2929
45.0692
89.3562
74.2015
38.2188
78.5347
46.2804
86.7542
90.204
70.8063
26.3092
61.5524
1.81699
7.72158
30.0021
28.2412
29.5728
7.96484
36.2633
5.17556
29.5745
86.8011
84.5758
17.6285
51.5058
66.938
35.0785
36.5275
61.4209
24.7697
70.9902
51.7625
38.0221
62.3586
1.58237
68.0042
29.2455
10.1057
15.7659
16.1014
72.839
11.6715
7.53857
15.53
56.1798
23.7041
30.3082
16.6226
41.777
89.0318
29.1113
88.4366
92.6118
59.4754
52.132
32.8507
9.06885
60.5546
97.1465
81.2939
87.7386
50.1302
25.2229
25.5228
56.5814
73.4479
19.7358
32.7393
44.8565
57.7337
1.41133
11.5213
20.3857
86.0582
9.43103
54.648
90.9258
63.8494
91.5162
24.9604
27.7557
70.8773
85.4643
36.3746
28.8859
91.4775
33.7261
87.1236
39.5265
87.7237
37.5804
44.4469
72.601
91.9097
69.0152
88.9008
7.50945
76.7723
64.1924
60.0169
94.0569
19.119
18.0292
8.58832
45.7245
58.1284
45.564
69.9621
21.4972
57.5354
33.3412
88.5705
63.736
58.0425
39.0691
82.1986
79.04
21.5765
93.3382
50.2616
40.4152
75.9598
78.6282
82.9518
89.4249
63.0764
66.8094
89.1428
14.4557
43.3883
91.1255
89.0655
21.2617
91.0149
80.4034
59.1426
93.9851
2.59474
1.60703
98.7529
43.0299
54.2686
40.1243
53.4618
46.4547
50.5876
73.163
83.9751
89.3491
98.2943
6.89641
52.052
21.5258
6.73675
3.42659
75.557
81.0406
85.6863
69.3789
99.3809
4.06073
95.0597
26.9236
21.4421
82.2289
83.8667
97.0147
50.7439
31.1317
75.0507
10.6881
8.00236
91.348
67.7747
26.5438
23.5687
17.2817
91.7536
92.8419
30.6289
97.4177
27.6521
8.55054
83.4456
57.8997
56.6878
37.8476
64.6097
18.7117
99.3369
29.501
0.817596
68.026
39.1626
75.5769
79.6124
44.0588
89.3331
16.8581
11.484
11.5076
57.2467
68.1779
7.04851
2.18267
37.7909
91.0987
87.1611
98.3471
62.4274
96.3309
95.7063
59.2714
98.5407
92.0307
48.9113
43.9838
71.0146
91.0754
10.995
8.53425
44.8592
37.0675
5.67803
30.3262
91.9971
43.7118
1.10155
34.6795
61.6563
5.15586
0.033573
92.4608
67.5032
45.4026
46.2762
21.821
32.1712
1.62429
4.64027
30.2058
67.1302
50.9988
27.3266
94.5471
76.7247
63.7484
12.315
40.4964
63.6449
88.5491
68.8591
50.1587
85.5491
61.6853
2.79956
85.5228
70.9211
46.6969
28.2645
24.4714
50.4108
80.7561
44.1334
2.25371
52.5928
82.1411
72.5203
8.81631
12.1681
70.6727
21.3226
1.25064
56.3056
87.4872
53.0425
93.7126
20.4449
23.0162
82.6105
76.0266
50.8255
70.0256
12.4882
89.2597
88.0112
75.536
36.0331
31.9699
8.82653
86.6064
14.5551
6.45215
32.7067
94.6595
54.2531
99.7631
96.5897
63.0926
28.8792
15.5346
14.0639
5.56192
35.9298
58.0093
86.7323
32.6974
48.6468
44.1167
81.9133
19.7188
60.5007
85.9357
48.0032
9.63016
7.95448
96.0255
30.6784
29.8245
8.22974
79.9528
59.8406
82.8365
71.3218
94.5151
24.7869
57.4861
94.7248
66.3453
70.0592
76.921
31.5324
26.1829
70.6531
90.7774
58.6664
57.0869
3.29118
88.2275
74.8429
37.937
81.34
14.1986
50.0901
78.832
80.9737
30.9664
71.6379
39.7691
15.6478
65.1919
84.3599
10.7383
2.6419
57.9643
97.4043
17.2201
93.1378
64.8653
57.4347
16.0629
79.3863
79.5289
86.077
99.8006
16.6852
43.0641
23.7425
34.8135
85.1471
34.997
94.1256
31.8936
48.2524
39.9121
35.246
95.8176
83.7496
87.1096
5.19732
92.6815
11.8822
42.5229
22.5919
6.13991
53.0117
18.8467
34.0096
4.70185
71.986
53.2802
87.1642
95.4543
11.4152
69.001
42.1341
81.767
69.9019
88.4384
34.1591
60.1889
31.3303
64.8564
25.2336
95.6815
59.2673
50.4977
76.0985
75.359
3.16684
92.9385
89.106
73.48
6.6544
15.0517
9.2715
30.865
72.1824
55.2204
6.63747
60.7412
20.9778
32.5459
50.228
48.0585
39.4176
54.9847
4.67096
25.2509
95.213
93.6818
33.2378
76.2987
89.3601
39.7055
71.7696
85.884
69.6545
74.7133
99.599
65.4685
7.99598
90.3931
4.36798
85.7982
84.3374
54.6908
56.4079
12.9499
34.1858
97.9303
25.6596
32.7286
15.1705
30.8748
88.9824
84.4627
0.789221
4.61739
10.7104
39.3382
65.1431
5.87811
28.1341
19.6961
83.4784
75.0397
24.9769
49.4394
39.1434
45.3605
45.2557
14.3425
90.7661
80.9397
30.4643
63.5407
38.7885
13.1535
51.9566
61.2579
80.7812
53.8642
73.4372
73.8835
97.5805
36.5827
40.1769
88.3978
69.5835
83.7193
60.4133
82.0392
86.7046
76.3014
10.8428
97.384
83.8653
70.7417
88.2458
15.0165
68.1703
37.7649
58.4784
56.6999
25.336
53.357
21.3815
73.4069
96.8747
11.4862
51.0447
64.1931
12.458
12.5305
99.7655
7.56812
70.4306
22.2295
59.9779
69.7907
51.6171
89.306
0.948459
44.9824
74.3292
54.8162
5.36198
49.9984
50.4289
35.6517
73.7297
58.076
59.0565
90.5979
45.9987
29.0036
52.7153
66.3884
0.0242524
94.3229
23.5739
3.41631
27.9678
68.6759
37.5378
45.4043
16.3145
91.6785
27.1127
53.3812
73.4232
52.8474
93.0369
38.3354
33.1785
81.8385
51.6352
20.2768
18.2264
19.5964
45.744
69.7517
25.5739
78.6401
73.4223
76.2041
32.878
39.0925
22.7343
11.2003
57.3935
79.0251
68.2454
12.685
6.09015
41.1794
76.4931
78.2091
53.1425
55.518
86.8521
31.2688
55.828
12.612
10.3662
2.44934
67.3635
53.7952
51.7688
96.1254
10.1969
36.9028
76.6806
23.6577
25.1551
32.0676
95.5301
78.1177
61.3843
6.33334
17.3941
89.7721
77.9868
78.5058
57.0935
3.75443
81.9088
62.1869
0.552003
20.3674
72.7628
79.4381
91.2346
15.9318
71.9715
45.2262
63.0129
93.7873
98.6015
1.59076
68.7505
0.421932
63.0143
33.9176
49.0171
42.6118
88.9504
38.0781
13.8775
89.4175
50.0614
10.6676
95.4741
49.3421
67.3706
11.4448
42.5144
5.72645
25.7984
33.4691
81.103
50.5985
27.0899
76.8197
21.1635
33.0094
73.9338
59.1438
64.2213
72.7601
7.10192
51.5104
95.1
85.9305
65.9664
66.8102
19.8447
43.4045
84.3596
53.4632
32.466
60.0528
8.42102
58.5898
91.8059
11.7918
6.53369
62.4891
98.7027
47.3178
56.9768
30.6592
88.9952
97.4243
45.6695
59.4582
2.00118
88.7893
53.1965
55.3786
41.6779
0.657988
85.6167
99.9495
31.6258
46.1561
90.8732
59.7242
49.7254
73.8574
33.7399
88.0476
5.00017
74.3756
98.7583
7.86747
54.2505
61.858
74.7883
68.6686
82.0704
40.7873
64.5724
31.8202
9.26282
33.0242
70.1
98.9989
66.1318
3.79316
39.7369
18.3229
63.0164
70.9418
40.6358
47.7715
40.3056
99.8895
1.83133
74.7021
88.3405
36.9694
34.3834
32.0981
2.77733
90.6065
70.3057
62.7976
98.0991
1.71494
89.5138
67.4354
27.9496
32.9357
71.012
46.5354
19.9052
91.8242
57.9187
30.0769
87.2204
53.8528
83.6698
98.2313
18.4968
91.8553
9.50097
17.4319
32.256
0.550709
74.9678
65.3167
37.6327
82.2956
16.143
26.2992
69.3769
73.2528
63.4829
48.8381
50.3021
77.2751
27.8747
30.6661
99.6725
51.0619
42.3592
65.3646
13.2911
82.4905
98.1385
67.4203
42.2067
41.6882
87.723
93.489
96.6443
76.167
88.0684
81.862
2.69541
39.9948
36.6405
59.1866
99.4228
35.9121
79.2705
43.6381
61.4222
18.8866
0.530249
8.47509
42.6614
76.1431
2.25113
93.7896
83.3719
12.7591
98.3881
54.5329
36.7898
9.25127
55.386
99.8137
28.5893
10.2315
92.6162
28.0324
98.8878
37.9979
27.9993
57.2682
77.4741
53.5197
15.3683
67.902
75.0121
47.7897
38.1833
82.9643
1.0429
77.2881
74.6221
61.6726
17.0116
98.2212
38.107
35.9179
89.3621
95.3569
44.2399
61.7714
88.473
15.736
58.4512
40.8229
64.6501
70.3473
98.5013
64.6531
49.779
58.2592
29.6421
43.5134
60.5108
13.6391
17.1069
2.22386
34.7861
20.8942
28.7349
2.38699
9.1988
68.7415
21.8358
27.9786
51.6119
80.0424
14.8074
77.0455
17.7438
74.0782
38.4059
76.39
17.5332
3.68876
59.2301
19.7335
67.4358
98.5403
99.4149
22.8815
74.0748
25.9019
3.30488
66.0299
2.8917
76.3241
8.64708
69.5915
63.5735
15.739
86.8811
35.8528
71.3547
25.0403
64.9153
63.3631
3.8807
34.2285
1.36651
84.7335
91.6638
77.0154
52.6956
28.2012
6.58022
3.57427
14.7265
58.4911
28.4547
44.3218
34.6254
63.8709
90.0569
78.1866
58.4809
9.81473
15.9149
53.3983
12.6255
1.95065
28.6909
95.9737
82.4117
32.6516
0.550041
83.9153
52.279
11.3124
37.9948
11.6636
31.0365
58.4969
82.2717
20.4845
66.6012
38.2335
23.785
65.6267
82.3174
69.173
52.128
20.6233
19.5168
9.81046
60.5151
96.5943
42.5141
24.4602
71.4754
49.2794
65.746
5.6801
97.0759
79.6367
6.58848
47.1762
14.0935
97.6085
3.6641
4.94404
25.4863
79.1765
55.0167
55.2791
4.0281
43.6018
53.9373
5.094
80.8822
74.0148
63.4643
82.2239
16.2108
75.6518
74.8386
33.0774
84.8749
19.7053
2.95308
51.4769
24.3514
65.5989
80.9797
66.2813
3.56869
12.41
54.5252
62.0761
44.2946
94.2391
64.4892
53.0514
18.8022
94.9085
91.7474
91.9085
16.2602
96.7303
44.7244
79.0717
81.3017
87.4684
14.3834
49.9355
66.5087
77.3247
15.1671
32.7619
36.4421
68.7813
51.0704
67.5289
56.0659
37.2483
97.6636
80.6891
73.0728
0.645717
29.8122
20.4949
15.6345
31.3588
63.8355
80.3883
72.8757
80.223
15.6904
43.896
22.8835
45.2717
29.681
12.9884
79.7288
68.791
38.8007
30.1413
98.6708
41.5263
96.3519
27.1336
38.5961
16.9165
11.8029
47.294
17.1684
28.5914
42.019
89.0481
80.1046
34.3332
68.2009
12.4829
43.1637
74.7457
69.7821
71.6072
78.0437
18.3767
4.34835
44.7509
42.2772
58.9581
58.1736
76.2751
24.8315
16.6032
31.0921
21.6537
98.094
36.0508
45.3559
31.4677
33.391
26.6438
17.8892
40.361
79.4306
12.361
81.248
27.6657
87.1565
96.1827
67.4435
1.47836
73.8474
0.282294
96.5877
38.2711
92.7815
93.6268
87.8701
3.40749
40.57
40.6859
15.921
37.8058
47.4383
60.1829
6.59895
47.1157
80.3426
81.7092
12.8111
30.8288
72.9064
31.4885
74.0246
1.44884
35.3603
85.2781
77.1455
61.5361
19.6974
66.5617
97.6714
63.0737
21.6729
75.4881
30.2032
51.0474
83.984
3.41119
8.44757
60.4755
54.2751
47.0302
61.4132
40.1508
15.1249
94.5916
41.286
90.9932
91.7903
79.5822
67.686
6.60312
93.2583
73.0053
86.858
83.8017
41.9767
97.9419
72.1816
38.4993
93.8713
46.6754
88.7216
31.2851
47.7045
73.6418
92.84
71.8579
41.1176
22.6793
42.8863
83.2352
67.6295
93.6918
25.9704
30.4196
37.3908
49.9443
89.4561
70.7744
15.6677
86.7189
16.4472
82.3255
39.5921
91.4837
76.9763
79.228
17.7798
25.3398
1.50072
78.1005
12.2148
90.2629
95.075
73.8934
25.3237
74.1194
40.3318
20.6744
19.6835
82.4743
78.5298
70.9691
41.5333
96.5144
72.7894
95.5463
9.63439
49.4369
99.3534
52.1127
40.474
83.8659
7.71907
53.6223
35.0839
66.3168
22.8364
48.9213
6.29539
69.0418
39.8041
34.8576
46.204
71.7796
49.1126
30.9897
35.3716
84.0288
28.5195
34.1081
